patch code Y x y
a1 0 1394 0.3577 0.3236
a2 0 1383 0.3987 0.3139
a3 0 1375 0.4318 0.309
a4 0 1440 0.4377 0.3065
a5 0 3701 0.3699 0.3303
a6 0 3739 0.4135 0.324
a7 0 3682 0.4555 0.3156
a8 0 3643 0.5014 0.305
a9 0 11980 0.3462 0.3412
a10 0 12000 0.3598 0.3396
a11 0 11930 0.3745 0.3384
a12 0 11940 0.3858 0.3364
a13 0 22170 0.3276 0.343
a14 0 21480 0.3328 0.3383
a15 0 22590 0.3322 0.3445
a16 0 21970 0.3312 0.3412
a17 0 22410 0.3331 0.3447
a18 0 22510 0.3319 0.3445
a19 0 20830 0.3269 0.3374
a20 0 603.3 0.3523 0.3137
a21 0 1221 0.4811 0.3383
a22 0 1944 0.5415 0.3411
b1 0 1371 0.3627 0.3384
b2 0 1361 0.4047 0.3407
b3 0 1371 0.4401 0.3391
b4 0 1421 0.4509 0.3391
b5 0 3702 0.3937 0.3524
b6 0 3677 0.4475 0.3569
b7 0 3623 0.5041 0.3559
b8 0 3593 0.5541 0.3465
b9 0 11930 0.3501 0.3476
b10 0 11880 0.3708 0.3529
b11 0 11850 0.3897 0.3576
b12 0 11830 0.4063 0.3612
b13 0 20630 0.3169 0.3402
b14 0 19710 0.3342 0.3298
b15 0 21530 0.3455 0.3607
b16 0 17390 0.332 0.3424
b17 0 18730 0.3482 0.3452
b18 0 19850 0.3301 0.3585
b19 0 17940 0.3187 0.326
b20 0 827.4 0.428 0.3363
b21 0 1644 0.5341 0.3423
b22 0 7262 0.4201 0.3652
c1 0 1735 0.3613 0.3545
c2 0 1376 0.43 0.3891
c3 0 1511 0.4475 0.3933
c4 0 1551 0.4641 0.4039
c5 0 6531 0.397 0.3806
c6 0 6614 0.4533 0.4088
c7 0 6565 0.503 0.4232
c8 0 6639 0.518 0.4227
c9 0 13670 0.3548 0.3576
c10 0 13630 0.3768 0.3719
c11 0 13630 0.3997 0.3859
c12 0 13490 0.4169 0.3947
c13 0 18770 0.3038 0.3362
c14 0 17160 0.3367 0.3184
c15 0 20210 0.3596 0.3772
c16 0 13530 0.3336 0.3441
c17 0 15670 0.3647 0.3484
c18 0 17140 0.3293 0.3733
c19 0 14530 0.3068 0.3103
c20 0 609.9 0.3873 0.3382
c21 0 5060 0.483 0.3779
c22 0 8963 0.3958 0.3651
d1 0 1667 0.3513 0.3627
d2 0 1660 0.3677 0.3857
d3 0 1675 0.3835 0.4044
d4 0 1867 0.3899 0.4109
d5 0 8170 0.3713 0.3863
d6 0 8131 0.4069 0.4279
d7 0 8071 0.4348 0.4629
d8 0 8020 0.4517 0.4838
d9 0 15560 0.3493 0.3618
d10 0 15600 0.3663 0.3821
d11 0 15420 0.3827 0.4008
d12 0 15350 0.4225 0.4482
d13 0 16920 0.2899 0.3312
d14 0 14680 0.3392 0.3046
d15 0 19210 0.3744 0.393
d16 0 10330 0.3345 0.3433
d17 0 12970 0.3832 0.3501
d18 0 14900 0.3275 0.3884
d19 0 11540 0.2937 0.2915
d20 0 3076 0.4835 0.3788
d21 0 5944 0.3823 0.3707
d22 0 10140 0.3884 0.3737
e1 0 1544 0.338 0.3708
e2 0 1546 0.3438 0.404
e3 0 1565 0.3472 0.4307
e4 0 1714 0.3482 0.4354
e5 0 4333 0.348 0.3854
e6 0 4349 0.3612 0.4336
e7 0 4188 0.3681 0.4854
e8 0 4292 0.3659 0.5118
e9 0 11230 0.3423 0.3639
e10 0 11280 0.3495 0.3841
e11 0 10980 0.3571 0.4052
e12 0 10890 0.3697 0.4625
e13 0 15190 0.2745 0.3257
e14 0 12430 0.3425 0.2908
e15 0 18040 0.3902 0.4094
e16 0 7684 0.3366 0.3435
e17 0 10660 0.4051 0.3514
e18 0 12680 0.3245 0.4036
e19 0 8837 0.2805 0.2715
e20 0 4647 0.5514 0.3982
e21 0 4005 0.4841 0.4081
e22 0 7048 0.4494 0.3951
f1 0 774.7 0.307 0.3534
f2 0 663.6 0.2882 0.3858
f3 0 771.7 0.2739 0.4011
f4 0 711.7 0.2714 0.4274
f5 0 2425 0.3129 0.3719
f6 0 2426 0.2879 0.4063
f7 0 2262 0.2622 0.4524
f8 0 2262 0.2315 0.4971
f9 0 10740 0.3312 0.3548
f10 0 10870 0.3232 0.3612
f11 0 10680 0.319 0.3723
f12 0 10610 0.3 0.4002
f13 0 13160 0.2583 0.3187
f14 0 10340 0.3458 0.2765
f15 0 17010 0.4071 0.4241
f16 0 5471 0.3354 0.3435
f17 0 8564 0.4299 0.3523
f18 0 10590 0.3223 0.4253
f19 0 6562 0.2646 0.2488
f20 0 6633 0.4 0.3843
f21 0 8172 0.4335 0.399
f22 0 9556 0.4113 0.3889
g1 0 961.1 0.2893 0.3401
g2 0 858.8 0.2475 0.3447
g3 0 863.2 0.2149 0.3487
g4 0 945.5 0.2168 0.3489
g5 0 3110 0.2961 0.3493
g6 0 3134 0.2616 0.3522
g7 0 3006 0.2259 0.3577
g8 0 3101 0.1967 0.3505
g9 0 10840 0.3241 0.3478
g10 0 10700 0.3107 0.35
g11 0 10520 0.2972 0.3513
g12 0 10620 0.2638 0.354
g13 0 11570 0.2448 0.311
g14 0 8468 0.3514 0.2618
g15 0 15580 0.422 0.4382
g16 0 3785 0.3377 0.3427
g17 0 6880 0.4575 0.3533
g18 0 8816 0.3182 0.4446
g19 0 4787 0.2497 0.2233
g20 0 9173 0.4077 0.3971
g21 0 8666 0.4351 0.4205
g22 0 10850 0.4906 0.465
h1 0 875.2 0.2842 0.3141
h2 0 831.6 0.2362 0.2871
h3 0 882.9 0.2024 0.2604
h4 0 921.3 0.189 0.2533
h5 0 2973 0.2908 0.3209
h6 0 3007 0.2469 0.2981
h7 0 2932 0.2065 0.2727
h8 0 2857 0.1686 0.2427
h9 0 10440 0.3194 0.338
h10 0 10510 0.3039 0.3303
h11 0 10530 0.2872 0.3219
h12 0 10400 0.2474 0.3004
h13 0 10140 0.2298 0.3017
h14 0 6835 0.3538 0.2452
h15 0 14990 0.4395 0.4509
h16 0 2558 0.3445 0.3409
h17 0 5541 0.4873 0.3529
h18 0 7316 0.3151 0.4698
h19 0 3272 0.2283 0.1921
h20 0 10550 0.4053 0.4116
h21 0 8373 0.3607 0.3713
h22 0 9753 0.4038 0.4388
i1 0 1188 0.2896 0.2867
i2 0 1164 0.2477 0.2414
i3 0 1182 0.2132 0.2042
i4 0 1160 0.1628 0.151
i5 0 3830 0.3133 0.3165
i6 0 3790 0.2867 0.2866
i7 0 3799 0.2647 0.2618
i8 0 3768 0.2134 0.2077
i9 0 10280 0.328 0.3344
i10 0 10400 0.3191 0.3248
i11 0 10360 0.3105 0.3142
i12 0 10450 0.2887 0.293
i13 0 8810 0.2138 0.2922
i14 0 5459 0.3587 0.2289
i15 0 14300 0.456 0.46
i16 0 1636 0.3458 0.3379
i17 0 4401 0.5195 0.3508
i18 0 5994 0.3101 0.4958
i19 0 2165 0.2115 0.1615
i20 0 11420 0.3931 0.4287
i21 0 3843 0.3708 0.4825
i22 0 9160 0.3386 0.4262
j1 0 585.9 0.2952 0.2599
j2 0 538.9 0.2626 0.2012
j3 0 535.5 0.2218 0.1499
j4 0 523.1 0.1583 0.0809
j5 0 2929 0.3237 0.3077
j6 0 2969 0.3075 0.276
j7 0 2973 0.2877 0.2436
j8 0 2914 0.2516 0.1846
j9 0 10250 0.3312 0.3327
j10 0 10320 0.3281 0.3228
j11 0 10380 0.3214 0.3094
j12 0 10360 0.3087 0.29
j13 0 7539 0.2017 0.2803
j14 0 4388 0.368 0.2171
j15 0 13410 0.4725 0.467
j16 0 1049 0.35 0.351
j17 0 3481 0.5566 0.3478
j18 0 4777 0.3053 0.524
j19 0 1409 0.1937 0.133
j20 0 9595 0.3248 0.4065
j21 0 2056 0.3102 0.5427
j22 0 743.9 0.3198 0.4069
k1 0 1147 0.3427 0.2843
k2 0 1125 0.3443 0.2365
k3 0 1119 0.345 0.2012
k4 0 1113 0.3471 0.1847
k5 0 3593 0.3427 0.3092
k6 0 3604 0.3451 0.2786
k7 0 3609 0.3451 0.2489
k8 0 3638 0.345 0.2031
k9 0 10130 0.339 0.332
k10 0 10070 0.3414 0.3199
k11 0 10070 0.3421 0.3063
k12 0 10040 0.3435 0.2838
k13 0 6251 0.1855 0.2682
k14 0 3306 0.3738 0.1997
k15 0 11760 0.4849 0.4737
k16 0 540.8 0.3503 0.3425
k17 0 2695 0.5885 0.3444
k18 0 3422 0.2824 0.5151
k19 0 806.4 0.1778 0.1052
k20 0 870.5 0.3149 0.3883
k21 0 544.6 0.2904 0.3574
k22 0 639 0.2648 0.3027
l1 0 788.4 0.3776 0.3062
l2 0 785 0.4149 0.2806
l3 0 822.3 0.442 0.2625
l4 0 867.4 0.4425 0.2593
l5 0 2821 0.371 0.3159
l6 0 2803 0.4004 0.2917
l7 0 2809 0.4306 0.2691
l8 0 2808 0.4537 0.2482
l9 0 9810 0.3496 0.3378
l10 0 9974 0.3575 0.3311
l11 0 9936 0.3657 0.3236
l12 0 9970 0.374 0.3157
l13 0 5043 0.1749 0.2535
l14 0 2731 0.3874 0.1977
l15 0 11080 0.5003 0.47
l16 0 354.6 0.4224 0.3317
l17 0 2046 0.6175 0.3353
l18 0 2566 0.2884 0.5843
l19 0 469.6 0.1646 0.0788
l20 0 299.3 0.3087 0.3125
l21 0 329.6 0.3302 0.3104
l22 0 523.3 0.3778 0.3072
gs0 0 19730 0.3333 0.3461
gs1 0 17910 0.3351 0.3443
gs2 0 16180 0.3346 0.3447
gs3 0 14300 0.3354 0.3448
gs4 0 12650 0.336 0.3451
gs5 0 11020 0.3361 0.3457
gs6 0 9686 0.3369 0.3462
gs7 0 8433 0.3361 0.3456
gs8 0 7214 0.3349 0.3448
gs9 0 6044 0.3364 0.3446
gs10 0 5207 0.3358 0.3441
gs11 0 4365 0.3378 0.3444
gs12 0 3642 0.3361 0.343
gs13 0 2948 0.336 0.3415
gs14 0 2365 0.3362 0.3391
gs15 0 1863 0.3364 0.3409
gs16 0 1427 0.3357 0.3383
gs17 0 1080 0.335 0.3383
gs18 0 803.1 0.334 0.3368
gs19 0 574.1 0.3331 0.3365
gs20 0 407.4 0.3336 0.3337
gs21 0 337.4 0.3324 0.3325
gs22 0 276.557377 0.3394 0.3191
gs23 0 234 0.3093 0.3092
