patch,r,g,b,refR,refG,refB,refX,refY,refZ
a1,24220.0,33633.0,28907.0,0,0,0,1540.89555006,1394.0,1372.89184178
a2,20202.0,39345.0,30912.0,0,0,0,1756.6170755,1383.0,1266.24466391
a3,17870.0,44798.0,33490.0,0,0,0,1921.44012945,1375.0,1153.39805825
a4,17047.0,44713.0,32447.0,0,0,0,2056.4045677,1440.0,1201.80097879
a5,14405.0,18225.0,16195.0,0,0,0,4144.71662125,3701.0,3359.24856191
a6,12147.0,21490.0,17625.0,0,0,0,4771.84104938,3739.0,3029.28240741
a7,10867.0,26382.0,19212.0,0,0,0,5314.16666667,3682.0,2670.5
a8,10047.0,34338.0,20970.0,0,0,0,5988.85311475,3643.0,2312.40918033
a9,10005.0,7980.0,8182.0,0,0,0,12155.5568581,11980.0,10975.8147714
a10,9462.0,8410.0,8545.0,0,0,0,12713.7809187,12000.0,10621.9081272
a11,8885.0,8650.0,8747.0,0,0,0,13202.6743499,11930.0,10121.462766
a12,8577.0,9055.0,9057.0,0,0,0,13693.3769322,11940.0,9860.08323424
a13,8555.0,5507.0,5827.0,0,0,0,21174.6122449,22170.0,21290.9562682
a14,8300.0,5575.0,5762.0,0,0,0,21130.7833284,21480.0,20883.1569613
a15,8045.0,5170.0,5455.0,0,0,0,21783.4484761,22590.0,21199.8461538
a16,7947.0,5055.0,5112.0,0,0,0,21326.0961313,21970.0,21094.2907386
a17,7852.0,5017.0,5220.0,0,0,0,21655.848564,22410.0,20947.2062663
a18,7990.0,5102.0,5380.0,0,0,0,21686.7024673,22510.0,21144.371553
a19,8172.0,5192.0,5200.0,0,0,0,20181.7634855,20830.0,20725.0474215
a20,34110.0,46130.0,43423.0,0,0,0,677.534555308,603.3,642.340452662
a21,17507.0,43853.0,43423.0,0,0,0,1736.39698492,1221.0,651.825598581
a22,12902.0,43485.0,43145.0,0,0,0,3086.12137203,1944.0,669.08707124
b1,25105.0,34428.0,32788.0,0,0,0,1469.44946809,1371.0,1210.96897163
b2,21672.0,40215.0,39660.0,0,0,0,1616.66187262,1361.0,1017.054887
b3,19340.0,45895.0,45863.0,0,0,0,1779.34856974,1371.0,892.706576231
b4,18487.0,46928.0,47025.0,0,0,0,1889.49837806,1421.0,880.005897965
b5,14075.0,19260.0,20117.0,0,0,0,4135.86095346,3702.0,2667.24687855
b6,12370.0,23707.0,25647.0,0,0,0,4610.41608294,3677.0,2015.18968899
b7,11210.0,30587.0,33693.0,0,0,0,5131.65018264,3623.0,1425.17561113
b8,10730.0,40445.0,43328.0,0,0,0,5745.68917749,3593.0,1030.71919192
b9,9982.0,8010.0,8492.0,0,0,0,12015.8026467,11930.0,10375.2560414
b10,9375.0,8512.0,9375.0,0,0,0,12482.5843015,11880.0,9301.3431567
b11,8885.0,8860.0,10197.0,0,0,0,12913.716443,11850.0,8373.86744966
b12,8620.0,9422.0,11210.0,0,0,0,13307.1124031,11830.0,7614.8255814
b13,9110.0,5517.0,5742.0,0,0,0,19217.069371,20630.0,20793.7301587
b14,8277.0,5780.0,5720.0,0,0,0,19972.9593693,19710.0,20080.5336568
b15,8140.0,5497.0,6317.0,0,0,0,20622.7197117,21530.0,17536.7729415
b16,8780.0,5842.0,5977.0,0,0,0,16861.7990654,17390.0,16536.7523364
b17,8022.0,5795.0,6125.0,0,0,0,18892.7752028,18730.0,16635.6257242
b18,8812.0,5502.0,6200.0,0,0,0,18277.5034868,19850.0,17242.0920502
b19,8790.0,5630.0,5327.0,0,0,0,17538.2760736,17940.0,19552.398773
b20,24507.0,45943.0,46428.0,0,0,0,1053.00981267,827.4,579.893487957
b21,14032.0,45335.0,45063.0,0,0,0,2565.17791411,1644.0,593.626643295
b22,9577.0,11955.0,13872.0,0,0,0,8353.68619934,7262.0,4269.30832421
c1,23187.0,28515.0,29240.0,0,0,0,1768.28067701,1735.0,1390.93653032
c2,21587.0,32180.0,37795.0,0,0,0,1520.63736829,1376.0,639.728604472
c3,20692.0,36315.0,48718.0,0,0,0,1719.22832443,1511.0,611.622679888
c4,19947.0,35755.0,50040.0,0,0,0,1782.17157712,1551.0,506.887843526
c5,11230.0,11847.0,14757.0,0,0,0,6812.41986337,6531.0,3816.32790331
c6,10547.0,14752.0,24412.0,0,0,0,7333.96819961,6614.0,2231.09246575
c7,10345.0,19237.0,41783.0,0,0,0,7802.91824197,6565.0,1144.84168242
c8,10560.0,23025.0,57233.0,0,0,0,8135.79843861,6639.0,931.3761533
c9,9312.0,7142.0,7990.0,0,0,0,13562.9642058,13670.0,10994.1051454
c10,8982.0,7715.0,9600.0,0,0,0,13809.5832213,13630.0,9210.0537779
c11,8640.0,8197.0,11357.0,0,0,0,14117.4164291,13630.0,7572.61466701
c12,8427.0,8687.0,12902.0,0,0,0,14248.7484165,13490.0,6439.10818343
c13,9792.0,5490.0,5530.0,0,0,0,16961.1124331,18770.0,20098.7507436
c14,8352.0,6265.0,5837.0,0,0,0,18146.2688442,17160.0,18588.2035176
c15,8225.0,5890.0,7425.0,0,0,0,19267.009544,20210.0,14101.9936373
c16,9770.0,6855.0,7127.0,0,0,0,13117.1403662,13530.0,12672.8247602
c17,8235.0,6775.0,7340.0,0,0,0,16403.1257176,15670.0,12903.9121699
c18,9665.0,5940.0,7137.0,0,0,0,15119.7481918,17140.0,13655.0656309
c19,9642.0,6140.0,5370.0,0,0,0,14366.1102159,14530.0,17929.5423783
c20,32670.0,46433.0,47760.0,0,0,0,698.445505618,609.9,495.025280899
c21,9940.0,18177.0,23687.0,0,0,0,6467.26647261,5060.0,1862.51918497
c22,9440.0,9680.0,11145.0,0,0,0,9716.66776226,8963.0,5869.77074774
d1,24977.0,27512.0,29260.0,0,0,0,1614.60463193,1667.0,1314.48028674
d2,25200.0,29622.0,37925.0,0,0,0,1582.53046409,1660.0,1061.33264195
d3,25585.0,32222.0,49230.0,0,0,0,1588.4334817,1675.0,878.505192878
d4,24242.0,31280.0,50680.0,0,0,0,1771.58262351,1867.0,905.101971283
d5,11347.0,9765.0,12755.0,0,0,0,7852.75951333,8170.0,5126.60626456
d6,11412.0,11602.0,20927.0,0,0,0,7731.9558308,8131.0,3139.14746436
d7,11932.0,14580.0,35613.0,0,0,0,7581.05595161,8071.0,1783.67530784
d8,12860.0,19685.0,60398.0,0,0,0,7487.87515502,8020.0,1069.22281935
d9,9015.0,6350.0,7180.0,0,0,0,15022.4101714,15560.0,12424.7761194
d10,8917.0,6755.0,8715.0,0,0,0,14954.9332635,15600.0,10272.0753729
d11,8950.0,7297.0,10580.0,0,0,0,14723.6377246,15420.0,8329.41616766
d12,8940.0,8917.0,18870.0,0,0,0,14469.8237394,15350.0,4428.27978581
d13,10687.0,5507.0,5360.0,0,0,0,14810.1086957,16920.0,19356.8478261
d14,8437.0,6957.0,5997.0,0,0,0,16347.5246225,14680.0,17166.8286277
d15,8352.0,6445.0,8950.0,0,0,0,18300.8244275,19210.0,11369.5826972
d16,11092.0,8287.0,8577.0,0,0,0,10065.2053597,10330.0,9695.09466939
d17,8492.0,8092.0,8822.0,0,0,0,14196.241074,12970.0,9880.31705227
d18,10805.0,6450.0,8310.0,0,0,0,12563.722966,14900.0,10898.7899073
d19,10835.0,6845.0,5487.0,0,0,0,11627.0943396,11540.0,16421.2418525
d20,12625.0,25845.0,32768.0,0,0,0,3926.20380148,3076.0,1118.17634636
d21,11772.0,11905.0,13882.0,0,0,0,6130.00053952,5944.0,3960.52872943
d22,9312.0,8582.0,10452.0,0,0,0,10538.8707519,10140.0,6455.19400589
e1,27672.0,26580.0,29122.0,0,0,0,1407.42179072,1544.0,1212.54800431
e2,29952.0,27805.0,38200.0,0,0,0,1315.63069307,1546.0,965.101980198
e3,32680.0,29867.0,50103.0,0,0,0,1261.59275598,1565.0,807.0269329
e4,32392.0,29167.0,51298.0,0,0,0,1370.7276068,1714.0,851.882406982
e5,16932.0,14202.0,17975.0,0,0,0,3912.51686559,4333.0,2997.34769071
e6,18680.0,15710.0,26927.0,0,0,0,3622.82933579,4349.0,2058.15221402
e7,21470.0,18135.0,40663.0,0,0,0,3175.94313968,4188.0,1263.99258344
e8,24530.0,21540.0,59258.0,0,0,0,3068.46971473,4292.0,1025.61860102
e9,10632.0,7537.0,8492.0,0,0,0,10563.4212696,11230.0,9066.70513877
e10,11017.0,7962.0,10197.0,0,0,0,10263.8896121,11280.0,7823.46263994
e11,11380.0,8300.0,11945.0,0,0,0,9676.59921027,10980.0,6441.13030602
e12,12510.0,9177.0,17880.0,0,0,0,8704.93621622,10890.0,3951.00972973
e13,11912.0,5612.0,5242.0,0,0,0,12802.1338655,15190.0,18645.8765735
e14,8502.0,7745.0,6052.0,0,0,0,14639.8727648,12430.0,15674.281293
e15,8407.0,6892.0,10632.0,0,0,0,17193.9618955,18040.0,8830.52271617
e16,12670.0,10082.0,10410.0,0,0,0,7529.6489083,7684.0,7156.07452693
e17,8620.0,9605.0,10462.0,0,0,0,12289.0324417,10660.0,7386.76721685
e18,12167.0,7010.0,9750.0,0,0,0,10194.8959366,12680.0,8542.34886026
e19,12350.0,7850.0,5667.0,0,0,0,9129.93922652,8837.0,14581.8637201
e20,10665.0,28285.0,55933.0,0,0,0,6434.84630839,4647.0,588.168759417
e21,11955.0,21155.0,35143.0,0,0,0,4750.84660622,4005.0,1057.9245283
e22,9590.0,12812.0,18860.0,0,0,0,8016.6317388,7048.0,2773.89015439
f1,40875.0,36218.0,35558.0,0,0,0,672.98500283,774.7,744.448556876
f2,47323.0,35765.0,38925.0,0,0,0,495.72192846,663.6,560.740279938
f3,52800.0,35935.0,43870.0,0,0,0,526.972400898,771.7,625.286711543
f4,53845.0,35035.0,44243.0,0,0,0,451.931165185,711.7,501.553673374
f5,24775.0,17847.0,19777.0,0,0,0,2040.2863673,2425.0,2055.28367841
f6,31967.0,17522.0,22887.0,0,0,0,1719.0386414,2426.0,1825.91877923
f7,41313.0,17660.0,26395.0,0,0,0,1311.0,2262.0,1427.0
f8,50955.0,18370.0,31552.0,0,0,0,1053.41581171,2262.0,1234.97646349
f9,10995.0,7315.0,7735.0,0,0,0,10025.6144307,10740.0,9504.96054115
f10,11687.0,7447.0,8257.0,0,0,0,9726.42303433,10870.0,9497.7076412
f11,12177.0,7292.0,8417.0,0,0,0,9151.00725222,10680.0,8855.53585818
f12,14437.0,7025.0,9057.0,0,0,0,7953.52323838,10610.0,7948.22088956
f13,13670.0,5742.0,5135.0,0,0,0,10665.917791,13160.0,17466.8340132
f14,8535.0,8790.0,6105.0,0,0,0,12931.5443038,10340.0,14124.477396
f15,8320.0,7322.0,12487.0,0,0,0,16328.1560953,17010.0,6770.30888941
f16,14375.0,11937.0,11965.0,0,0,0,5341.98951965,5471.0,5114.23027656
f17,8790.0,11640.0,12615.0,0,0,0,10450.3650298,8564.0,5294.46267386
f18,14022.0,7707.0,11645.0,0,0,0,8025.29273454,10590.0,6284.7778039
f19,14375.0,9017.0,5752.0,0,0,0,6978.71864952,6562.0,12833.8794212
f20,11252.0,11932.0,15472.0,0,0,0,6903.98126464,6633.0,3722.97189696
f21,9407.0,10957.0,16237.0,0,0,0,8878.60150376,8172.0,3430.60150376
f22,9045.0,9125.0,12295.0,0,0,0,10106.409874,9556.0,4909.45950116
g1,37103.0,28605.0,25585.0,0,0,0,817.542575713,961.1,1047.29097324
g2,45223.0,27122.0,24295.0,0,0,0,616.631853786,858.8,1016.00997969
g3,52428.0,25822.0,23475.0,0,0,0,531.98072842,863.2,1080.29962719
g4,52993.0,24987.0,23207.0,0,0,0,587.516193752,945.5,1176.92934938
g5,22162.0,14495.0,14405.0,0,0,0,2636.33266533,3110.0,3157.18866304
g6,28460.0,13637.0,13882.0,0,0,0,2327.80919932,3134.0,3436.54400909
g7,37498.0,12935.0,13085.0,0,0,0,1898.39362594,3006.0,3499.29661728
g8,48165.0,12657.0,12157.0,0,0,0,1740.27589158,3101.0,4006.0850214
g9,11252.0,7360.0,7585.0,0,0,0,10101.3341001,10840.0,10226.0034503
g10,11955.0,7127.0,7395.0,0,0,0,9498.54285714,10700.0,10372.8857143
g11,12765.0,6935.0,7192.0,0,0,0,8899.92598918,10520.0,10525.989183
g12,15962.0,6472.0,6660.0,0,0,0,7914.0,10620.0,11466.0
g13,15822.0,5997.0,5135.0,0,0,0,9107.18971061,11570.0,16525.3826367
g14,8662.0,10397.0,6317.0,0,0,0,11366.1390374,8468.0,12511.1627196
g15,8247.0,7895.0,15077.0,0,0,0,15004.0164309,15580.0,4970.52487449
g16,16600.0,14740.0,14522.0,0,0,0,3729.77677269,3785.0,3529.86868982
g17,8812.0,14235.0,15172.0,0,0,0,8909.14237192,6880.0,3684.39286725
g18,16067.0,8545.0,14085.0,0,0,0,6309.60683761,8816.0,4703.45299145
g19,16857.0,10637.0,5880.0,0,0,0,5352.95073892,4787.0,11297.5772503
g20,9822.0,9835.0,14097.0,0,0,0,9417.85973306,9173.0,4509.11508436
g21,9770.0,10857.0,18722.0,0,0,0,8966.88846611,8666.0,2975.91058264
g22,9440.0,15610.0,46620.0,0,0,0,11447.3333333,10850.0,1036.0
h1,35293.0,28157.0,22482.0,0,0,0,791.887424387,875.2,1119.28634193
h2,42273.0,26237.0,18945.0,0,0,0,684.165517241,831.6,1380.7862069
h3,50988.0,24965.0,16387.0,0,0,0,686.247926267,882.9,1821.40506912
h4,52640.0,22957.0,14907.0,0,0,0,687.428740624,921.3,2028.46036321
h5,21342.0,14522.0,12477.0,0,0,0,2694.13649112,2973.0,3597.43191025
h6,27117.0,13275.0,10472.0,0,0,0,2490.53438443,3007.0,4589.68466957
h7,35858.0,12172.0,8492.0,0,0,0,2220.23469014,2932.0,5599.50715072
h8,47663.0,11742.0,7075.0,0,0,0,1984.7144623,2857.0,6930.02018953
h9,11305.0,7382.0,7202.0,0,0,0,9865.49112426,10440.0,10582.0828402
h10,11837.0,7142.0,6755.0,0,0,0,9669.96366939,10510.0,11639.5943082
h11,12690.0,6840.0,6180.0,0,0,0,9394.89282386,10530.0,12787.1295433
h12,15492.0,6307.0,5157.0,0,0,0,8565.11318242,10400.0,15655.3928096
h13,18667.0,6327.0,5220.0,0,0,0,7723.47364932,10140.0,15746.0722572
h14,8970.0,12902.0,6840.0,0,0,0,9862.24714519,6835.0,11177.95677
h15,8427.0,8897.0,19105.0,0,0,0,14611.0113107,14990.0,3643.61055666
h16,19702.0,18657.0,17837.0,0,0,0,2585.01320035,2558.0,2360.6535641
h17,9087.0,18167.0,18935.0,0,0,0,7651.25899688,5541.0,2509.07282516
h18,18765.0,9625.0,17187.0,0,0,0,4906.92124308,7316.0,3349.66283525
h19,20182.0,12625.0,6010.0,0,0,0,3888.58719417,3272.0,9872.20822488
h20,9590.0,8890.0,14042.0,0,0,0,10388.5204082,10550.0,4693.16083576
h21,10985.0,8730.0,10112.0,0,0,0,8133.96471856,8373.0,6043.53353084
h22,10377.0,9092.0,16335.0,0,0,0,8975.0715588,9753.0,3498.45533273
i1,27545.0,23895.0,17080.0,0,0,0,1200.01674224,1188.0,1755.6874782
i2,30677.0,22025.0,12840.0,0,0,0,1194.37779619,1164.0,2463.49461475
i3,36018.0,20777.0,10250.0,0,0,0,1234.09598433,1182.0,3372.3467189
i4,50553.0,17677.0,7075.0,0,0,0,1250.64900662,1160.0,5271.47019868
i5,16557.0,13120.0,10995.0,0,0,0,3791.2764613,3830.0,4479.82938389
i6,17785.0,12790.0,9302.0,0,0,0,3791.32240056,3790.0,5642.68318214
i7,18837.0,12342.0,8075.0,0,0,0,3841.08212376,3799.0,6870.99503438
i8,24027.0,10905.0,5700.0,0,0,0,3871.40683678,3768.0,10502.1434762
i9,10707.0,7477.0,7150.0,0,0,0,10083.2535885,10280.0,10378.3732057
i10,10847.0,7405.0,6787.0,0,0,0,10217.4876847,10400.0,11402.2167488
i11,11102.0,7425.0,6552.0,0,0,0,10238.0012731,10360.0,12374.6276257
i12,11455.0,7052.0,5647.0,0,0,0,10296.6382253,10450.0,14918.890785
i13,22270.0,6722.0,5220.0,0,0,0,6446.19438741,8810.0,14894.3874059
i14,9195.0,15955.0,7212.0,0,0,0,8554.57972914,5459.0,9835.26256007
i15,8620.0,10222.0,24582.0,0,0,0,14175.6521739,14300.0,2611.30434783
i16,23890.0,24220.0,21685.0,0,0,0,1674.24918615,1636.0,1531.41994673
i17,9387.0,23575.0,23505.0,0,0,0,6517.44441277,4401.0,1627.16562144
i18,22205.0,11012.0,21502.0,0,0,0,3748.97014925,5994.0,2346.58208955
i19,24837.0,15257.0,6232.0,0,0,0,2835.27863777,2165.0,8405.29411765
i20,10025.0,8252.0,13797.0,0,0,0,10471.6631677,11420.0,4747.01189643
i21,20075.0,16312.0,33108.0,0,0,0,2953.33554404,3843.0,1168.43129534
i22,12977.0,7712.0,11485.0,0,0,0,7277.27827311,9160.0,5054.97888315
j1,34408.0,35115.0,22855.0,0,0,0,665.477799154,585.9,1002.95078876
j2,34110.0,34055.0,17400.0,0,0,0,703.3555666,538.9,1436.17385686
j3,36710.0,32552.0,13467.0,0,0,0,792.354236157,535.5,2244.52735157
j4,53173.0,25722.0,7352.0,0,0,0,1023.56897404,523.1,4919.33844252
j5,17475.0,16105.0,12860.0,0,0,0,3081.3041924,2929.0,3508.7078323
j6,17272.0,15972.0,10687.0,0,0,0,3307.85326087,2969.0,4480.39311594
j7,17240.0,15717.0,8940.0,0,0,0,3511.21551724,2973.0,5720.2179803
j8,17550.0,14970.0,6340.0,0,0,0,3971.62730228,2914.0,8899.85482124
j9,10452.0,7527.0,7095.0,0,0,0,10203.7871957,10250.0,10354.7490231
j10,10430.0,7632.0,6935.0,0,0,0,10489.4423792,10320.0,11160.8178439
j11,10485.0,7730.0,6660.0,0,0,0,10782.5856496,10380.0,12386.2184874
j12,10250.0,7537.0,5817.0,0,0,0,11028.0413793,10360.0,14336.0965517
j13,26820.0,7190.0,5252.0,0,0,0,5424.96004281,7539.0,13932.2226186
j14,9557.0,20147.0,7767.0,0,0,0,7437.9732842,4388.0,8385.91064026
j15,8992.0,12450.0,33608.0,0,0,0,13567.9336188,13410.0,1737.26980728
j16,30635.0,32755.0,28920.0,0,0,0,1046.01139601,1049.0,893.592592593
j17,9940.0,32227.0,31200.0,0,0,0,5570.80103508,3481.0,956.824611846
j18,27362.0,13397.0,29025.0,0,0,0,2783.24064885,4777.0,1556.17156489
j19,31540.0,18527.0,6477.0,0,0,0,2052.05488722,1409.0,7132.93007519
j20,13287.0,7555.0,10080.0,0,0,0,7666.55842558,9595.0,6342.37761378
j21,38648.0,23015.0,52405.0,0,0,0,1175.18186844,2056.0,557.283213562
j22,46768.0,36750.0,47483.0,0,0,0,584.662619808,743.9,499.650700418
k1,22015.0,27602.0,18422.0,0,0,0,1382.61308477,1147.0,1504.85754485
k2,18837.0,30017.0,14970.0,0,0,0,1637.79069767,1125.0,1994.08033827
k3,16740.0,33108.0,12987.0,0,0,0,1918.76242545,1119.0,2523.86779324
k4,15897.0,35573.0,12467.0,0,0,0,2091.62046562,1113.0,2821.36762317
k5,14330.0,14427.0,11282.0,0,0,0,3982.28040103,3593.0,4045.03007762
k6,12977.0,15492.0,9897.0,0,0,0,4464.25125628,3604.0,4867.85786073
k7,12030.0,16727.0,8917.0,0,0,0,5003.88067497,3609.0,5886.91844114
k8,10175.0,19472.0,7170.0,0,0,0,6179.76366322,3638.0,8094.5947809
k9,10132.0,7660.0,7160.0,0,0,0,10343.5843373,10130.0,10038.4638554
k10,9812.0,8010.0,7107.0,0,0,0,10746.7896218,10070.0,10661.7974367
k11,9505.0,8197.0,6765.0,0,0,0,11246.9702906,10070.0,11559.294809
k12,8875.0,8370.0,6020.0,0,0,0,12152.0084567,10040.0,13185.017618
k13,32840.0,7815.0,5272.0,0,0,0,4323.49179717,6251.0,12732.7416107
k14,10025.0,25987.0,8577.0,0,0,0,6188.19629444,3306.0,7060.63595393
k15,9440.0,15465.0,47143.0,0,0,0,12038.0493984,11760.0,1027.78974034
k16,40503.0,44153.0,40568.0,0,0,0,553.116029197,540.8,485.062072993
k17,10805.0,44430.0,42720.0,0,0,0,4605.13211382,2695.0,525.071138211
k18,34950.0,16980.0,41120.0,0,0,0,1876.08774995,3422.0,1345.28246942
k19,41548.0,23132.0,6967.0,0,0,0,1362.90798479,806.4,5496.09125475
k20,38383.0,31760.0,35048.0,0,0,0,705.950167396,870.5,665.373165079
k21,46000.0,37328.0,35793.0,0,0,0,442.506547286,544.6,536.676329043
k22,43785.0,31322.0,23772.0,0,0,0,558.993062438,639.0,913.007928642
l1,24667.0,34488.0,26075.0,0,0,0,972.23984324,788.4,814.147877204
l2,20587.0,38723.0,24870.0,0,0,0,1160.71454027,785.0,851.862081254
l3,18082.0,42893.0,24262.0,0,0,0,1384.59657143,822.3,925.674857143
l4,17465.0,43730.0,23707.0,0,0,0,1480.23332048,867.4,997.5267258
l5,14650.0,18187.0,14480.0,0,0,0,3313.04526749,2821.0,2795.99588477
l6,12370.0,21587.0,13872.0,0,0,0,3847.51868358,2803.0,2958.66883785
l7,10995.0,26607.0,13435.0,0,0,0,4494.81753995,2809.0,3134.68115942
l8,10070.0,33305.0,12902.0,0,0,0,5132.91539081,2808.0,3372.54149879
l9,9940.0,7787.0,7447.0,0,0,0,10152.6820604,9810.0,9078.1705151
l10,9440.0,8140.0,7585.0,0,0,0,10769.269103,9974.0,9380.56055572
l11,9035.0,8507.0,7565.0,0,0,0,11228.6625464,9936.0,9539.91100124
l12,8695.0,8795.0,7490.0,0,0,0,11811.1498258,9970.0,9799.46468166
l13,39575.0,8672.0,5347.0,0,0,0,3479.37159763,5043.0,11371.1195266
l14,10495.0,32670.0,9492.0,0,0,0,5351.48912494,2731.0,5731.37025797
l15,10197.0,20315.0,65535.0,0,0,0,11794.306383,11080.0,700.161702128
l16,53545.0,60220.0,57265.0,0,0,0,451.561772686,354.6,262.876514923
l17,11965.0,59013.0,58235.0,0,0,0,3767.98389502,2046.0,288.014315538
l18,45043.0,22695.0,59300.0,0,0,0,1266.53157625,2566.0,559.048091734
l19,52010.0,27795.0,7627.0,0,0,0,980.915736041,469.6,4508.8751269
l20,51115.0,51985.0,46448.0,0,0,0,295.660512,299.3,362.799488
l21,44138.0,48613.0,40930.0,0,0,0,350.624742268,329.6,381.630927835
l22,31072.0,42510.0,34408.0,0,0,0,643.563606771,523.3,536.586914062
gs0,7757.0,4602.0,4517.0,0,0,0,19000.3149379,19730.0,18276.3305403
gs1,8192.0,5077.0,5027.0,0,0,0,17431.4289863,17910.0,16677.159454
gs2,8630.0,5502.0,5530.0,0,0,0,15705.9123876,16180.0,15053.4551784
gs3,9002.0,5902.0,5955.0,0,0,0,13910.1508121,14300.0,13263.1670534
gs4,9482.0,6350.0,6350.0,0,0,0,12316.4300203,12650.0,11689.6117068
gs5,10005.0,6935.0,6905.0,0,0,0,10713.9774371,11020.0,10143.3728666
gs6,10570.0,7585.0,7597.0,0,0,0,9425.80415945,9686.0,8866.24321202
gs7,11657.0,8672.0,8695.0,0,0,0,8201.19010417,8433.0,7766.8515625
gs8,12562.0,9595.0,9567.0,0,0,0,7006.86948956,7214.0,6701.40429234
gs9,13510.0,10862.0,10792.0,0,0,0,5900.17875798,6044.0,5594.99709808
gs10,14490.0,11937.0,11785.0,0,0,0,5081.40249927,5207.0,4843.82650392
gs11,15515.0,13500.0,13245.0,0,0,0,4281.35017422,4365.0,4027.86585366
gs12,16942.0,15050.0,14620.0,0,0,0,3568.73527697,3642.0,3407.34052478
gs13,18572.0,17065.0,16217.0,0,0,0,2900.52122987,2948.0,2783.98243045
gs14,20692.0,19822.0,18582.0,0,0,0,2344.77440283,2365.0,2264.56944854
gs15,23315.0,23015.0,21192.0,0,0,0,1838.40774421,1863.0,1763.53798768
gs16,25850.0,26255.0,23197.0,0,0,0,1416.03281111,1427.0,1375.11676027
gs17,29047.0,29990.0,26212.0,0,0,0,1069.46497192,1080.0,1042.96778008
gs18,32735.0,34013.0,29302.0,0,0,0,796.423396675,803.1,784.977790974
gs19,37125.0,38738.0,34045.0,0,0,0,568.299286776,574.1,563.692838039
gs20,41888.0,44353.0,39905.0,0,0,0,407.277914294,407.4,406.179142943
gs21,43358.0,45660.0,41548.0,0,0,0,337.298526316,337.4,340.038315789
gs22,44595.0,47098.0,43890.0,0,0,0,294.150967577,276.557377,295.970994188
gs23,50030.0,48975.0,44903.0,0,0,0,234.075679172,234.0,288.716041397
