patch r g b
a1 9920 865 127
a2 8032 702 95
a3 6765 595 72
a4 6360 557 72
a5 5807 500 62
a6 4580 397 52
a7 3740 327 42
a8 2940 260 20
a9 3877 332 42
a10 3580 307 42
a11 3335 285 30
a12 3120 265 20
a13 3205 275 30
a14 3132 265 30
a15 3132 265 20
a16 3162 270 30
a17 3100 265 20
a18 3090 265 20
a19 3250 275 30
a20 14075 1202 180
a21 6552 572 72
a22 4037 365 42
b1 10282 897 127
b2 8705 755 115
b3 7415 647 85
b4 6977 610 72
b5 5592 482 62
b6 4537 392 52
b7 3580 312 42
b8 2822 247 20
b9 3877 332 42
b10 3600 307 42
b11 3345 285 42
b12 3132 265 30
b13 3557 302 42
b14 3195 270 30
b15 3185 270 42
b16 3557 302 42
b17 3110 265 20
b18 3482 297 42
b19 3525 302 42
b20 9887 850 127
b21 4622 410 52
b22 3557 312 42
c1 9632 840 127
c2 8832 770 115
c3 8235 712 95
c4 7905 680 85
c5 4570 392 52
c6 3942 340 42
c7 3397 292 42
c8 3237 275 42
c9 3665 312 42
c10 3482 297 42
c11 3312 280 42
c12 3162 270 30
c13 4027 345 42
c14 3237 275 30
c15 3237 275 42
c16 4005 340 42
c17 3142 270 30
c18 3867 330 42
c19 3900 340 42
c20 13467 1150 170
c21 3430 302 42
c22 3557 312 42
d1 10580 915 137
d2 10612 915 137
d3 10655 915 137
d4 10112 867 127
d5 4762 407 52
d6 4622 397 52
d7 4570 387 52
d8 4612 392 52
d9 3622 307 42
d10 3515 297 42
d11 3515 297 42
d12 3452 292 42
d13 4580 387 52
d14 3280 280 30
d15 3237 275 30
d16 4527 382 52
d17 3162 275 30
d18 4377 372 52
d19 4410 382 52
d20 4452 387 52
d21 4697 407 52
d22 3547 307 42
e1 11817 1015 147
e2 12925 1105 157
e3 14055 1197 190
e4 13957 1182 190
e5 7340 627 85
e6 7990 675 95
e7 8992 760 115
e8 10282 865 127
e9 4410 375 52
e10 4527 382 52
e11 4687 397 52
e12 5230 440 52
e13 5167 435 62
e14 3292 285 20
e15 3237 280 30
e16 5135 435 52
e17 3162 275 20
e18 4997 425 52
e19 5070 435 52
e20 3025 265 20
e21 4217 365 42
e22 3495 307 42
f1 17645 1505 232
f2 19712 1670 275
f3 21065 1777 287
f4 21470 1797 287
f5 11145 947 137
f6 14310 1202 190
f7 18060 1500 245
f8 20745 1715 287
f9 4602 392 52
f10 4890 415 52
f11 5210 440 52
f12 6360 535 72
f13 6030 510 72
f14 3280 285 20
f15 3205 275 30
f16 5945 505 62
f17 3132 275 20
f18 5850 500 62
f19 5965 515 62
f20 4357 375 52
f21 3547 307 42
f22 3452 302 42
g1 16292 1387 212
g2 19350 1630 265
g3 21182 1777 297
g4 21450 1792 297
g5 9982 850 127
g6 12945 1090 170
g7 16772 1400 222
g8 20160 1660 287
g9 4697 402 52
g10 5125 435 52
g11 5572 472 62
g12 7107 600 85
g13 7032 590 85
g14 3312 285 30
g15 3185 275 20
g16 6990 590 72
g17 3057 270 20
g18 6850 585 72
g19 7075 605 85
g20 3760 322 42
g21 3665 317 42
g22 3057 265 20
h1 15620 1330 212
h2 18605 1570 265
h3 21065 1772 287
h4 21642 1810 297
h5 9577 817 127
h6 12222 1027 157
h7 16057 1335 222
h8 19830 1632 275
h9 4730 402 52
h10 5060 430 52
h11 5497 462 62
h12 6797 572 72
h13 8300 695 95
h14 3322 287 30
h15 3185 270 30
h16 8352 707 95
h17 3005 265 20
h18 8172 690 95
h19 8630 732 95
h20 3707 317 42
h21 4400 377 52
h22 4132 355 42
i1 12232 1052 157
i2 13862 1182 180
i3 16345 1377 222
i4 20842 1740 287
i5 7180 615 85
i6 7682 655 85
i7 8192 695 95
i8 10825 905 137
i9 4485 382 52
i10 4560 392 52
i11 4665 397 52
i12 4837 412 52
i13 10005 835 127
i14 3312 287 30
i15 3162 270 30
i16 10377 872 137
i17 2907 255 20
i18 9845 825 127
i19 10900 920 137
i20 4015 345 42
i21 8375 707 95
i22 5540 472 62
j1 14937 1287 200
j2 15162 1292 200
j3 16527 1405 222
j4 21375 1787 297
j5 7490 642 85
j6 7395 632 85
j7 7340 627 85
j8 7555 642 85
j9 4390 377 52
j10 4292 365 52
j11 4292 365 52
j12 4240 360 52
j13 12092 1000 157
j14 3292 285 30
j15 3100 265 20
j16 13245 1112 170
j17 2855 252 20
j18 12157 1015 157
j19 14032 1175 190
j20 5605 472 62
j21 16472 1377 222
j22 19147 1607 265
k1 9397 812 115
k2 7905 690 95
k3 6712 585 72
k4 6212 537 72
k5 6062 520 62
k6 5370 462 62
k7 4815 415 52
k8 3782 327 42
k9 4187 360 42
k10 3972 340 42
k11 3802 322 42
k12 3440 295 30
k13 14502 1197 200
k14 3280 285 30
k15 3077 265 20
k16 17495 1457 232
k17 2812 247 20
k18 15312 1262 212
k19 17965 1495 245
k20 16590 1387 222
k21 19040 1597 265
k22 18582 1560 245
l1 10400 897 137
l2 8480 735 95
l3 7095 615 85
l4 6775 590 72
l5 6072 525 72
l6 4837 417 52
l7 3952 345 42
l8 3217 280 30
l9 4090 350 42
l10 3802 322 42
l11 3537 302 42
l12 3270 280 42
l13 16962 1392 232
l14 3312 290 30
l15 3100 265 30
l16 20725 1735 287
l17 2822 250 20
l18 18775 1550 265
l19 20692 1720 287
l20 19967 1672 275
l21 18030 1517 232
l22 12915 1095 157
gs0 3110 270 30
gs1 3312 280 42
gs2 3515 302 42
gs3 3760 317 42
gs4 3995 340 42
gs5 4292 365 52
gs6 4537 387 52
gs7 4900 417 52
gs8 5285 450 62
gs9 5720 487 62
gs10 6125 520 72
gs11 6542 552 72
gs12 7137 605 85
gs13 7915 665 95
gs14 8822 742 115
gs15 9910 835 127
gs16 11197 935 137
gs17 12552 1052 157
gs18 14215 1192 190
gs19 16250 1357 212
gs20 17720 1480 232
gs21 18125 1517 245
gs22 18295 1532 245
gs23 19265 1612 265
