patch,r,g,b,refR,refG,refB,refX,refY,refZ
a1,9649.0,14994.0,13128.0,0,0,0,3.6,3.01,2.05
a2,9576.0,15100.0,13328.0,0,0,0,4.42,2.97,1.76
a3,9419.0,15147.0,13519.0,0,0,0,5.12,3.01,1.46
a4,9296.0,14988.0,13326.0,0,0,0,5.65,3.26,1.6
a5,8497.0,13249.0,9748.0,0,0,0,12.71,10.97,7.93
a6,7713.0,13426.0,10081.0,0,0,0,15.07,11.1,6.97
a7,6908.0,13523.0,10409.0,0,0,0,17.42,11.1,6.06
a8,6055.0,13570.0,10804.0,0,0,0,20.36,11.07,5.12
a9,5879.0,8731.0,5892.0,0,0,0,40.62,39.94,31.49
a10,5539.0,8892.0,6004.0,0,0,0,42.88,40.04,30.47
a11,5193.0,8972.0,6084.0,0,0,0,45.09,40.03,29.12
a12,4951.0,9123.0,6208.0,0,0,0,46.77,39.85,28.06
a13,4572.0,5847.0,3855.0,0,0,0,71.78,75.46,63.09
a14,4419.0,5939.0,3870.0,0,0,0,71.91,73.14,62.17
a15,4390.0,5769.0,3829.0,0,0,0,74.11,76.98,63.06
a16,4427.0,5846.0,3811.0,0,0,0,72.73,75.12,62.6
a17,4410.0,5776.0,3838.0,0,0,0,74.05,76.81,62.33
a18,4430.0,5752.0,3814.0,0,0,0,74.16,77.19,62.97
a19,4596.0,5899.0,3790.0,0,0,0,69.16,71.7,62.05
a20,9810.0,15290.0,14141.0,0,0,0,1.37,1.12,0.78
a21,9269.0,15045.0,13797.0,0,0,0,5.17,3.27,0.85
a22,8025.0,14749.0,13604.0,0,0,0,10.35,5.9,0.91
b1,9746.0,15167.0,13553.0,0,0,0,3.35,2.93,1.63
b2,9730.0,15361.0,13928.0,0,0,0,3.98,2.94,1.07
b3,9634.0,15443.0,14292.0,0,0,0,4.71,3.09,0.74
b4,9552.0,15351.0,14233.0,0,0,0,5.08,3.21,0.69
b5,8441.0,13589.0,10779.0,0,0,0,12.86,11.1,5.86
b6,7810.0,14022.0,11714.0,0,0,0,14.66,11.01,3.94
b7,7011.0,14361.0,12716.0,0,0,0,16.97,10.94,2.28
b8,6273.0,14499.0,13323.0,0,0,0,19.7,11.01,1.2
b9,5859.0,8778.0,6108.0,0,0,0,40.39,40.01,29.68
b10,5503.0,9079.0,6528.0,0,0,0,42.59,40.11,26.44
b11,5212.0,9256.0,6839.0,0,0,0,44.29,39.94,23.52
b12,4975.0,9464.0,7181.0,0,0,0,45.98,39.89,21.17
b13,4933.0,5934.0,3871.0,0,0,0,65.55,71.21,61.79
b14,4442.0,6192.0,3864.0,0,0,0,68.8,67.99,60.07
b15,4409.0,6019.0,4343.0,0,0,0,71.26,74.48,51.88
b16,4994.0,6654.0,4403.0,0,0,0,57.82,60.0,49.14
b17,4494.0,6514.0,4364.0,0,0,0,65.61,64.93,49.68
b18,4952.0,6138.0,4352.0,0,0,0,62.84,68.83,51.29
b19,4959.0,6244.0,3766.0,0,0,0,60.77,62.73,59.44
b20,9734.0,15340.0,14203.0,0,0,0,2.87,2.06,0.8
b21,8509.0,14886.0,13761.0,0,0,0,8.37,4.88,0.88
b22,5936.0,11170.0,8444.0,0,0,0,29.02,24.67,11.91
c1,9660.0,14952.0,12987.0,0,0,0,4.49,4.31,2.29
c2,9725.0,15284.0,13819.0,0,0,0,4.9,4.37,1.42
c3,9736.0,15388.0,14351.0,0,0,0,5.13,4.3,0.82
c4,9640.0,15377.0,14307.0,0,0,0,5.7,4.77,0.85
c5,7030.0,11551.0,9031.0,0,0,0,23.78,22.59,10.89
c6,6546.0,12503.0,11061.0,0,0,0,25.55,22.41,5.5
c7,6149.0,13285.0,12771.0,0,0,0,27.72,22.42,2.39
c8,6064.0,13735.0,13512.0,0,0,0,28.7,22.23,1.28
c9,5427.0,8072.0,5828.0,0,0,0,46.89,47.28,32.4
c10,5228.0,8482.0,6610.0,0,0,0,48.17,47.13,26.63
c11,5013.0,8742.0,7278.0,0,0,0,49.81,47.42,21.58
c12,4875.0,9016.0,7854.0,0,0,0,50.47,46.85,18.1
c13,5474.0,6059.0,3871.0,0,0,0,58.24,65.94,60.94
c14,4500.0,6599.0,3903.0,0,0,0,64.18,60.73,57.45
c15,4454.0,6314.0,4998.0,0,0,0,68.73,71.96,42.7
c16,5624.0,7575.0,5056.0,0,0,0,45.88,47.73,38.75
c17,4603.0,7301.0,5049.0,0,0,0,58.66,55.64,39.4
c18,5525.0,6591.0,4987.0,0,0,0,53.28,61.12,41.61
c19,5554.0,6825.0,3866.0,0,0,0,50.72,52.04,56.28
c20,9847.0,15444.0,14277.0,0,0,0,1.7,1.45,0.76
c21,6212.0,12873.0,10999.0,0,0,0,22.87,17.19,4.72
c22,5680.0,9927.0,7351.0,0,0,0,34.53,31.48,17.4
d1,9737.0,15022.0,13149.0,0,0,0,4.16,4.32,2.27
d2,9838.0,15278.0,13834.0,0,0,0,4.07,4.26,1.47
d3,9911.0,15418.0,14360.0,0,0,0,4.08,4.3,0.89
d4,9854.0,15318.0,14237.0,0,0,0,4.69,4.91,0.92
d5,7009.0,10515.0,8254.0,0,0,0,26.68,27.74,13.94
d6,7018.0,11325.0,10264.0,0,0,0,26.33,27.41,7.43
d7,7188.0,12214.0,12483.0,0,0,0,26.1,27.43,3.6
d8,7456.0,12792.0,13874.0,0,0,0,25.91,27.31,1.65
d9,5183.0,7329.0,5375.0,0,0,0,53.02,55.12,37.61
d10,5133.0,7624.0,6195.0,0,0,0,52.96,55.14,30.47
d11,5116.0,7855.0,6923.0,0,0,0,52.49,54.62,24.44
d12,5173.0,8751.0,9594.0,0,0,0,52.17,54.65,11.69
d13,6100.0,6195.0,3805.0,0,0,0,51.28,60.55,59.94
d14,4571.0,7105.0,3974.0,0,0,0,58.99,52.82,54.44
d15,4464.0,6641.0,5676.0,0,0,0,66.07,69.08,34.69
d16,6410.0,8760.0,5833.0,0,0,0,35.35,36.71,29.94
d17,4715.0,8235.0,5797.0,0,0,0,51.68,46.54,30.64
d18,6168.0,7081.0,5665.0,0,0,0,44.32,53.48,33.27
d19,6272.0,7489.0,3952.0,0,0,0,41.16,41.63,52.5
d20,7807.0,14186.0,12548.0,0,0,0,13.96,10.52,2.72
d21,7196.0,11420.0,8513.0,0,0,0,21.28,20.6,11.58
d22,5474.0,9150.0,7013.0,0,0,0,38.28,36.52,19.91
e1,9804.0,15095.0,13198.0,0,0,0,3.71,4.2,2.3
e2,9964.0,15369.0,13983.0,0,0,0,3.39,4.21,1.48
e3,10021.0,15493.0,14452.0,0,0,0,3.12,4.17,0.94
e4,9993.0,15389.0,14406.0,0,0,0,3.34,4.54,0.97
e5,8996.0,12965.0,10226.0,0,0,0,12.46,14.03,7.52
e6,9244.0,13490.0,11878.0,0,0,0,11.51,14.17,4.54
e7,9541.0,14077.0,13367.0,0,0,0,10.28,14.01,2.58
e8,9852.0,14479.0,14468.0,0,0,0,9.41,13.94,1.45
e9,6394.0,8715.0,6353.0,0,0,0,37.32,40.04,27.82
e10,6572.0,8937.0,6998.0,0,0,0,36.12,40.08,23.52
e11,6791.0,9099.0,7633.0,0,0,0,34.48,39.54,19.51
e12,7487.0,9635.0,9665.0,0,0,0,31.25,39.49,11.51
e13,6846.0,6391.0,3839.0,0,0,0,44.56,54.93,58.76
e14,4663.0,7705.0,4070.0,0,0,0,53.83,45.36,51.25
e15,4528.0,7057.0,6495.0,0,0,0,63.56,66.14,27.3
e16,7317.0,10138.0,6735.0,0,0,0,26.43,27.39,22.31
e17,4868.0,9339.0,6676.0,0,0,0,45.25,38.47,22.96
e18,6981.0,7781.0,6544.0,0,0,0,36.26,46.15,25.81
e19,7132.0,8347.0,4110.0,0,0,0,32.7,32.33,48.49
e20,6003.0,13779.0,13216.0,0,0,0,24.1,16.56,1.28
e21,7373.0,13804.0,12600.0,0,0,0,16.87,13.84,2.61
e22,5845.0,11527.0,9714.0,0,0,0,29.42,25.29,8.09
f1,9993.0,15481.0,14026.0,0,0,0,1.44,1.82,1.33
f2,10082.0,15600.0,14316.0,0,0,0,1.14,1.81,1.11
f3,10098.0,15629.0,14409.0,0,0,0,0.96,1.86,0.95
f4,10122.0,15568.0,14421.0,0,0,0,1.04,2.07,1.04
f5,9598.0,13950.0,11087.0,0,0,0,6.56,8.17,5.7
f6,9732.0,14154.0,11730.0,0,0,0,5.29,8.1,4.88
f7,9846.0,14481.0,12408.0,0,0,0,4.12,7.88,4.01
f8,10051.0,14882.0,13462.0,0,0,0,3.17,7.93,3.15
f9,6575.0,8546.0,5933.0,0,0,0,36.82,39.95,31.21
f10,6957.0,8524.0,6049.0,0,0,0,35.06,39.82,30.35
f11,7303.0,8494.0,6292.0,0,0,0,33.34,39.72,28.68
f12,8229.0,8459.0,6778.0,0,0,0,28.72,39.6,25.54
f13,7655.0,6647.0,3881.0,0,0,0,37.91,49.0,57.14
f14,4802.0,8413.0,4267.0,0,0,0,48.68,38.42,47.78
f15,4558.0,7449.0,7394.0,0,0,0,61.43,63.43,21.2
f16,8193.0,11537.0,7707.0,0,0,0,19.07,19.84,16.29
f17,5020.0,10489.0,7601.0,0,0,0,39.69,31.74,17.01
f18,7858.0,8589.0,7454.0,0,0,0,29.06,39.29,19.71
f19,8016.0,9340.0,4316.0,0,0,0,25.36,24.37,44.23
f20,6693.0,11207.0,8746.0,0,0,0,25.51,24.4,11.61
f21,5643.0,10627.0,8965.0,0,0,0,32.92,29.82,10.41
f22,5418.0,9632.0,7789.0,0,0,0,37.76,35.31,15.44
g1,9871.0,15044.0,12885.0,0,0,0,2.24,2.84,2.62
g2,9934.0,15043.0,12856.0,0,0,0,1.8,2.81,2.81
g3,9973.0,15027.0,12754.0,0,0,0,1.51,2.88,3.06
g4,9954.0,14926.0,12593.0,0,0,0,1.63,3.14,3.31
g5,9430.0,13020.0,9370.0,0,0,0,9.02,11.02,9.72
g6,9579.0,13005.0,9281.0,0,0,0,7.51,10.82,10.37
g7,9681.0,12981.0,9313.0,0,0,0,6.21,10.78,10.87
g8,9774.0,13036.0,9355.0,0,0,0,4.84,10.54,11.46
g9,6645.0,8421.0,5672.0,0,0,0,36.78,40.1,33.33
g10,7154.0,8316.0,5630.0,0,0,0,34.81,40.06,34.24
g11,7572.0,8200.0,5543.0,0,0,0,32.74,39.52,34.75
g12,8550.0,7827.0,5333.0,0,0,0,28.17,39.67,37.32
g13,8280.0,6903.0,3907.0,0,0,0,32.34,43.69,55.43
g14,4939.0,9178.0,4432.0,0,0,0,43.33,31.66,43.84
g15,4615.0,7913.0,8332.0,0,0,0,59.44,60.7,15.78
g16,8890.0,12849.0,8879.0,0,0,0,13.19,13.68,11.25
g17,5202.0,11578.0,8609.0,0,0,0,34.42,25.62,11.79
g18,8551.0,9457.0,8494.0,0,0,0,22.98,33.15,14.47
g19,8680.0,10364.0,4616.0,0,0,0,19.22,17.59,39.78
g20,5707.0,9761.0,8039.0,0,0,0,35.48,34.29,14.35
g21,5727.0,10442.0,9450.0,0,0,0,33.68,32.18,9.03
g22,5102.0,10789.0,12732.0,0,0,0,44.97,41.42,2.73
h1,9841.0,14871.0,12414.0,0,0,0,2.48,2.9,3.3
h2,9871.0,14720.0,11766.0,0,0,0,2.18,2.89,4.31
h3,9874.0,14542.0,11283.0,0,0,0,1.91,2.82,5.47
h4,9834.0,14319.0,10757.0,0,0,0,2.07,3.18,6.44
h5,9373.0,12857.0,8652.0,0,0,0,9.54,10.9,11.81
h6,9535.0,12606.0,8001.0,0,0,0,8.56,10.92,15.18
h7,9603.0,12356.0,7362.0,0,0,0,7.56,10.8,18.87
h8,9703.0,12139.0,6770.0,0,0,0,6.47,10.48,23.24
h9,6658.0,8359.0,5394.0,0,0,0,37.1,39.87,36.01
h10,7069.0,8219.0,5135.0,0,0,0,35.94,39.86,39.41
h11,7465.0,7942.0,4756.0,0,0,0,34.77,40.11,43.54
h12,8370.0,7456.0,4060.0,0,0,0,31.37,39.86,53.6
h13,8763.0,7261.0,3991.0,0,0,0,27.4,38.66,53.54
h14,5091.0,9940.0,4714.0,0,0,0,38.54,25.97,40.04
h15,4688.0,8445.0,9445.0,0,0,0,57.65,58.09,11.55
h16,9348.0,13895.0,10159.0,0,0,0,8.79,9.09,7.52
h17,5392.0,12563.0,9790.0,0,0,0,30.0,20.76,7.97
h18,9103.0,10425.0,9704.0,0,0,0,17.94,27.73,10.39
h19,9127.0,11268.0,4933.0,0,0,0,14.43,12.32,35.59
h20,5512.0,9091.0,8048.0,0,0,0,40.11,40.56,15.11
h21,6475.0,9356.0,6768.0,0,0,0,30.41,31.53,20.14
h22,6179.0,9561.0,9041.0,0,0,0,34.18,37.07,11.1
i1,9674.0,14248.0,10840.0,0,0,0,4.16,4.25,5.57
i2,9706.0,13894.0,9660.0,0,0,0,4.22,4.26,8.42
i3,9712.0,13575.0,8632.0,0,0,0,4.25,4.23,11.7
i4,9656.0,13002.0,7145.0,0,0,0,4.3,4.22,18.88
i5,8870.0,12174.0,7859.0,0,0,0,13.9,14.27,15.06
i6,9005.0,11982.0,7100.0,0,0,0,13.87,14.18,19.13
i7,9148.0,11831.0,6498.0,0,0,0,14.09,14.3,23.57
i8,9487.0,11085.0,5010.0,0,0,0,14.17,14.28,37.97
i9,6376.0,8441.0,5405.0,0,0,0,38.44,39.68,35.7
i10,6460.0,8311.0,5106.0,0,0,0,38.68,39.92,39.37
i11,6529.0,8166.0,4782.0,0,0,0,38.82,39.95,43.1
i12,6730.0,7812.0,4118.0,0,0,0,39.39,40.48,52.11
i13,9092.0,7676.0,4095.0,0,0,0,22.98,33.84,51.3
i14,5259.0,10579.0,4966.0,0,0,0,33.71,20.65,35.93
i15,4753.0,8970.0,10522.0,0,0,0,55.88,55.42,8.16
i16,9692.0,14687.0,11557.0,0,0,0,5.48,5.63,4.71
i17,5620.0,13359.0,10962.0,0,0,0,25.84,16.48,5.07
i18,9504.0,11464.0,10967.0,0,0,0,13.69,22.84,7.12
i19,9353.0,11995.0,5339.0,0,0,0,10.53,8.11,31.26
i20,5747.0,8605.0,8067.0,0,0,0,40.46,44.14,15.57
i21,9175.0,13307.0,12411.0,0,0,0,10.6,14.14,3.33
i22,7520.0,8884.0,7612.0,0,0,0,27.73,35.54,16.85
j1,9867.0,14919.0,12480.0,0,0,0,2.03,1.81,2.98
j2,9823.0,14593.0,11265.0,0,0,0,2.43,1.89,4.86
j3,9756.0,14132.0,9927.0,0,0,0,2.75,1.86,7.76
j4,9681.0,13232.0,7194.0,0,0,0,3.89,1.92,19.02
j5,9058.0,12934.0,8616.0,0,0,0,11.37,11.02,11.93
j6,9010.0,12772.0,7790.0,0,0,0,12.09,11.01,15.55
j7,9047.0,12599.0,7048.0,0,0,0,13.09,11.24,20.23
j8,9105.0,12041.0,5450.0,0,0,0,15.11,11.12,33.57
j9,6267.0,8463.0,5346.0,0,0,0,39.41,40.08,36.29
j10,6158.0,8395.0,5118.0,0,0,0,40.38,40.15,39.28
j11,6085.0,8211.0,4734.0,0,0,0,41.5,40.42,43.68
j12,5973.0,7976.0,4154.0,0,0,0,43.0,40.44,51.03
j13,9276.0,8134.0,4227.0,0,0,0,19.05,29.21,48.71
j14,5477.0,11138.0,5293.0,0,0,0,29.51,16.47,32.13
j15,4837.0,9595.0,11701.0,0,0,0,54.05,52.52,5.29
j16,9957.0,15370.0,13148.0,0,0,0,3.1,3.21,2.66
j17,5904.0,14073.0,12368.0,0,0,0,22.32,13.18,2.86
j18,9773.0,12619.0,12444.0,0,0,0,10.1,18.32,4.5
j19,9504.0,12547.0,5787.0,0,0,0,7.58,5.05,27.03
j20,7450.0,8375.0,6705.0,0,0,0,29.46,37.68,22.04
j21,9721.0,14600.0,13920.0,0,0,0,4.0,7.61,1.46
j22,9841.0,15330.0,14194.0,0,0,0,1.27,2.04,0.96
k1,9560.0,14338.0,11083.0,0,0,0,5.15,4.32,5.09
k2,9393.0,14080.0,9986.0,0,0,0,6.39,4.32,7.23
k3,9104.0,13702.0,9010.0,0,0,0,7.75,4.37,9.62
k4,8891.0,13514.0,8574.0,0,0,0,8.62,4.45,11.15
k5,8406.0,12277.0,7879.0,0,0,0,15.56,14.22,14.49
k6,7919.0,12256.0,7287.0,0,0,0,17.79,14.33,18.03
k7,7446.0,12135.0,6696.0,0,0,0,20.02,14.38,21.96
k8,6273.0,11611.0,5451.0,0,0,0,25.52,14.48,31.69
k9,6005.0,8482.0,5347.0,0,0,0,40.84,40.34,36.15
k10,5727.0,8471.0,5100.0,0,0,0,42.98,40.37,39.23
k11,5507.0,8471.0,4795.0,0,0,0,44.92,40.27,42.42
k12,5051.0,8360.0,4276.0,0,0,0,48.93,40.18,48.91
k13,9419.0,8734.0,4410.0,0,0,0,15.44,24.54,45.44
k14,5704.0,11572.0,5709.0,0,0,0,25.29,12.75,27.93
k15,4958.0,10191.0,12690.0,0,0,0,52.06,49.38,3.26
k16,10104.0,15785.0,14194.0,0,0,0,1.54,1.61,1.35
k17,6240.0,14556.0,13358.0,0,0,0,18.93,10.33,1.47
k18,9984.0,13785.0,13741.0,0,0,0,6.97,13.97,2.67
k19,9565.0,12946.0,6413.0,0,0,0,5.37,2.89,22.62
k20,9797.0,15079.0,13467.0,0,0,0,2.28,3.02,1.91
k21,9756.0,15131.0,13657.0,0,0,0,1.26,1.72,1.49
k22,9699.0,14822.0,12639.0,0,0,0,1.62,2.1,2.79
l1,9759.0,14960.0,12755.0,0,0,0,3.58,2.92,2.64
l2,9667.0,14920.0,12544.0,0,0,0,4.48,2.96,2.93
l3,9444.0,14772.0,12280.0,0,0,0,5.39,3.12,3.23
l4,9351.0,14738.0,12089.0,0,0,0,5.95,3.4,3.57
l5,8564.0,13136.0,9186.0,0,0,0,12.96,11.08,9.97
l6,7796.0,13145.0,8862.0,0,0,0,15.38,10.99,10.69
l7,6926.0,13038.0,8617.0,0,0,0,18.18,11.02,11.56
l8,6055.0,12802.0,8296.0,0,0,0,21.16,10.96,12.58
l9,5891.0,8576.0,5537.0,0,0,0,40.94,39.99,33.66
l10,5580.0,8729.0,5533.0,0,0,0,43.02,39.82,34.15
l11,5281.0,8756.0,5379.0,0,0,0,45.36,39.98,35.08
l12,4953.0,8768.0,5250.0,0,0,0,48.06,40.19,35.97
l13,9498.0,9546.0,4754.0,0,0,0,12.12,19.77,41.27
l14,5995.0,11905.0,6179.0,0,0,0,21.34,9.74,23.64
l15,5138.0,10890.0,13303.0,0,0,0,48.52,44.71,1.86
l16,10159.0,16022.0,14765.0,0,0,0,0.63,0.68,0.6
l17,6701.0,14947.0,14005.0,0,0,0,15.51,7.82,0.67
l18,10121.0,14893.0,14564.0,0,0,0,4.37,9.78,1.44
l19,9579.0,13287.0,7133.0,0,0,0,3.85,1.6,18.27
l20,9896.0,15429.0,14241.0,0,0,0,0.71,0.78,0.82
l21,9777.0,15263.0,13983.0,0,0,0,0.96,0.93,1.01
l22,9775.0,15217.0,13759.0,0,0,0,1.94,1.57,1.38
gs0,4372.0,5631.0,3671.0,0,0,0,74.72,77.75,63.04
gs1,4705.0,6134.0,3995.0,0,0,0,65.56,67.88,55.45
gs2,4997.0,6506.0,4293.0,0,0,0,58.77,60.99,49.71
gs3,5297.0,6986.0,4673.0,0,0,0,52.06,53.98,44.05
gs4,5637.0,7509.0,5021.0,0,0,0,45.81,47.44,38.7
gs5,6100.0,8161.0,5491.0,0,0,0,39.71,41.23,33.59
gs6,6569.0,8902.0,5935.0,0,0,0,34.84,36.16,29.36
gs7,7068.0,9668.0,6432.0,0,0,0,30.03,31.18,25.42
gs8,7590.0,10427.0,6912.0,0,0,0,25.6,26.6,21.81
gs9,8086.0,11256.0,7532.0,0,0,0,21.49,22.27,18.18
gs10,8541.0,11960.0,8036.0,0,0,0,18.22,18.88,15.51
gs11,8856.0,12550.0,8633.0,0,0,0,15.15,15.65,12.67
gs12,9136.0,13114.0,9262.0,0,0,0,12.54,12.98,10.68
gs13,9275.0,13512.0,9794.0,0,0,0,10.08,10.41,8.63
gs14,9415.0,13808.0,10284.0,0,0,0,8.0,8.24,6.87
gs15,9630.0,14346.0,11249.0,0,0,0,6.21,6.42,5.29
gs16,9811.0,14916.0,12131.0,0,0,0,4.68,4.81,4.05
gs17,9947.0,15286.0,12951.0,0,0,0,3.52,3.65,3.03
gs18,10006.0,15567.0,13632.0,0,0,0,2.57,2.68,2.23
gs19,9941.0,15430.0,13819.0,0,0,0,1.75,1.84,1.54
gs20,9819.0,15292.0,13989.0,0,0,0,1.17,1.22,1.07
gs21,9767.0,15263.0,14059.0,0,0,0,0.95,1.0,0.87
gs22,9842.0,15356.0,14255.0,0,0,0,0.75,0.8,0.7
gs23,9858.0,15459.0,14346.0,0,0,0,0.43,0.52,0.56
