patch r g b
a1 15204 20682 18603
a2 12876 23124 19806
a3 11391 25386 21558
a4 10854 25515 21186
a5 8859 12534 10242
a6 7401 14529 11073
a7 6546 17214 12084
a8 5778 20886 13194
a9 5637 5280 4974
a10 5268 5565 5190
a11 4986 5886 5421
a12 4731 6117 5547
a13 4590 3279 3171
a14 4488 3420 3258
a15 4500 3297 3222
a16 4500 3336 3207
a17 4422 3282 3207
a18 4422 3240 3171
a19 4641 3423 3207
a20 21354 28857 27849
a21 11214 25509 26493
a22 7875 24900 26238
b1 15714 21315 20715
b2 13887 23943 24306
b3 12441 26550 27531
b4 11877 27018 28233
b5 8706 13362 12708
b6 7557 16026 16188
b7 6699 19875 21303
b8 6174 24960 26928
b9 5637 5349 5253
b10 5319 5823 5958
b11 5061 6195 6597
b12 4794 6405 6993
b13 5025 3417 3309
b14 4590 3738 3426
b15 4575 3570 3885
b16 5076 3969 3885
b17 4512 3873 3810
b18 4935 3522 3708
b19 5025 3750 3309
b20 15816 27759 29103
b21 8694 26046 27234
b22 5535 8175 8643
c1 14589 18252 18567
c2 13731 20259 23388
c3 13143 22281 28257
c4 12696 22158 29295
c5 6891 8526 9807
c6 6327 10491 15906
c7 5997 13284 26109
c8 6060 15399 33387
c9 5343 4881 5127
c10 5100 5298 6174
c11 4947 5676 7377
c12 4818 5964 8337
c13 5637 3570 3399
c14 4665 4167 3528
c15 4629 3846 4665
c16 5727 4749 4704
c17 4629 4575 4590
c18 5484 3828 4386
c19 5523 4089 3297
c20 20547 29229 29985
c21 5841 12747 15063
c22 5355 6582 7071
d1 15777 17976 18846
d2 15930 19287 23628
d3 16173 20661 29013
d4 15483 20286 29754
d5 7020 7128 8733
d6 6993 8271 14001
d7 7212 10176 23655
d8 7659 12696 35943
d9 5178 4365 4716
d10 5088 4569 5637
d11 5112 4869 6864
d12 5178 5853 12018
d13 6342 3687 3426
d14 4767 4788 3720
d15 4680 4140 5535
d16 6495 5721 5625
d17 4704 5529 5625
d18 6174 4179 5151
d19 6252 4692 3426
d20 7671 17541 21060
d21 6993 8226 8823
d22 5268 5892 6699
e1 17337 17874 19089
e2 18873 18840 24141
e3 20457 19932 29397
e4 20319 19689 30459
e5 10701 10260 11979
e6 11685 11154 18015
e7 13233 12432 26454
e8 15138 13944 35316
e9 6315 5337 5754
e10 6456 5406 6609
e11 6711 5637 7749
e12 7557 6219 11700
e13 7122 3750 3336
e14 4845 5478 3822
e15 4704 4506 6699
e16 7401 6891 6672
e17 4833 6729 6750
e18 7020 4632 6264
e19 7173 5463 3618
e20 6099 18864 31992
e21 7134 14715 22467
e22 5535 8955 12018
f1 25431 24747 24333
f2 28104 24774 26226
f3 29844 24984 28899
f4 30252 24441 29385
f5 15816 12771 12990
f6 19869 12561 15024
f7 24666 12567 17403
f8 28233 13104 22224
f9 6519 5223 5268
f10 6879 5073 5382
f11 7299 5112 5676
f12 8808 4947 6240
f13 8271 3957 3375
f14 4884 6354 3987
f15 4731 4863 8067
f16 8592 8361 7875
f17 4908 8220 8145
f18 8208 5265 7671
f19 8412 6303 3732
f20 6585 8328 9960
f21 5484 7785 10599
f22 5202 6462 8169
g1 23169 19755 17670
g2 26967 18975 17223
g3 29142 18219 16698
g4 29472 17829 16635
g5 14103 10323 9384
g6 17748 9621 8925
g7 22554 8949 8424
g8 26802 8706 8298
g9 6621 5190 5076
g10 7173 5022 4998
g11 7773 4965 4947
g12 9717 4551 4512
g13 9588 4128 3363
g14 4998 7587 4179
g15 4794 5376 9933
g16 10113 10485 9537
g17 4986 10344 9921
g18 9552 5913 9270
g19 9933 7371 3822
g20 5664 6864 9117
g21 5637 7638 12198
g22 5409 10482 29703
h1 22158 19203 15318
h2 25842 18168 13119
h3 28884 17370 11340
h4 29436 16353 10689
h5 13503 10362 8220
h6 16737 9276 6738
h7 21468 8412 5547
h8 26265 7926 4743
h9 6672 5208 4767
h10 7083 5055 4512
h11 7620 4863 4155
h12 9270 4365 3348
h13 11187 4275 3273
h14 5139 9216 4422
h15 4869 6060 12594
h16 12171 13182 11469
h17 5151 13113 12096
h18 11328 6717 11520
h19 12057 8796 3912
h20 5511 6204 9219
h21 6354 6147 6711
h22 6123 6417 10983
i1 17544 16320 11124
i2 19449 15306 8541
i3 22479 14550 6969
i4 28029 12735 5178
i5 10305 9465 7401
i6 10869 9051 6201
i7 11457 8655 5304
i8 14718 7566 3681
i9 6378 5406 4896
i10 6456 5325 4575
i11 6570 5253 4257
i12 6738 4941 3618
i13 13374 4542 3324
i14 5292 11373 4704
i15 4959 6942 16122
i16 15063 16761 14487
i17 5382 16845 15279
i18 13617 7722 14679
i19 15099 10776 4089
i20 5868 5790 9231
i21 12261 11616 22695
i22 7812 5529 8043
j1 21648 23124 15945
j2 21660 22119 11865
j3 23232 20919 9051
j4 29064 17100 5394
j5 10893 11544 8490
j6 10677 11454 7158
j7 10575 11238 6021
j8 10740 10791 4320
j9 6240 5484 4908
j10 6135 5508 4665
j11 6084 5451 4320
j12 6009 5376 3861
j13 16047 4818 3324
j14 5472 14019 5088
j15 5076 8322 22044
j16 19257 21903 20037
j17 5778 21813 20958
j18 16749 9429 20253
j19 19242 12831 4257
j20 7824 5280 6738
j21 23181 15792 32850
j22 27339 25221 31239
k1 13962 17727 12057
k2 12006 18654 9807
k3 10509 19689 8490
k4 9909 20655 8157
k5 8886 10527 7722
k6 8004 11238 6813
k7 7338 12057 6060
k8 6084 13884 4974
k9 5997 5631 4974
k10 5727 5796 4767
k11 5511 5931 4500
k12 5037 6084 3975
k13 19140 5163 3309
k14 5664 16872 5484
k15 5331 10260 30252
k16 25317 29658 28029
k17 6276 27720 28119
k18 21072 11820 27876
k19 24486 15219 4680
k20 23553 22044 24486
k21 27147 25803 25548
k22 26058 21705 17388
l1 15690 21756 17544
l2 13272 23481 16725
l3 11544 24933 16161
l4 11124 25239 15855
l5 9153 13053 9654
l6 7671 15093 9282
l7 6687 17739 9117
l8 5970 21129 9066
l9 5856 5700 5253
l10 5511 5970 5253
l11 5202 6192 5139
l12 4845 6321 4974
l13 22185 5661 3450
l14 5868 19428 6033
l15 5715 12516 39510
l16 30165 36639 36660
l17 6828 33441 34971
l18 25830 14775 36147
l19 28155 18066 5472
l20 29064 33423 31608
l21 26250 31098 27618
l22 19320 27408 23667
gs0 4461 3213 3042
gs1 4743 3558 3375
gs2 5010 3840 3693
gs3 5355 4275 4089
gs4 5727 4704 4539
gs5 6123 5214 5112
gs6 6495 5700 5562
gs7 6993 6354 6123
gs8 7542 7005 6738
gs9 8181 7938 7608
gs10 8772 8694 8169
gs11 9447 9768 8961
gs12 10305 10905 9690
gs13 11379 12273 10536
gs14 12774 14001 11967
gs15 14346 15741 13695
gs16 16161 17856 15561
gs17 18054 20088 18054
gs18 20535 23193 21072
gs19 23412 26748 24600
gs20 25611 29997 27951
gs21 26175 30585 28656
gs22 26532 31134 29805
gs23 27912 31914 30777
