patch,r,g,b,refR,refG,refB,refX,refY,refZ
a1,10904.0,16769.0,12962.0,0,0,0,3.6,3.01,2.05
a2,10371.0,17110.0,13510.0,0,0,0,4.42,2.97,1.76
a3,9805.0,17218.0,13853.0,0,0,0,5.12,3.01,1.46
a4,9500.0,17255.0,13695.0,0,0,0,5.65,3.26,1.6
a5,8081.0,13605.0,9094.0,0,0,0,12.71,10.97,7.93
a6,6884.0,13975.0,9520.0,0,0,0,15.07,11.1,6.97
a7,6062.0,14279.0,9875.0,0,0,0,17.42,11.1,6.06
a8,5276.0,14723.0,10496.0,0,0,0,20.36,11.07,5.12
a9,4974.0,7096.0,4637.0,0,0,0,40.62,39.94,31.49
a10,4665.0,7277.0,4716.0,0,0,0,42.88,40.04,30.47
a11,4422.0,7615.0,4922.0,0,0,0,45.09,40.03,29.12
a12,4208.0,7840.0,5050.0,0,0,0,46.77,39.85,28.06
a13,3949.0,4719.0,3121.0,0,0,0,71.78,75.46,63.09
a14,3804.0,4826.0,3128.0,0,0,0,71.91,73.14,62.17
a15,3757.0,4606.0,3095.0,0,0,0,74.11,76.98,63.06
a16,3772.0,4640.0,3017.0,0,0,0,72.73,75.12,62.6
a17,3738.0,4596.0,3075.0,0,0,0,74.05,76.81,62.33
a18,3765.0,4562.0,3062.0,0,0,0,74.16,77.19,62.97
a19,3955.0,4780.0,3049.0,0,0,0,69.16,71.7,62.05
a20,11828.0,18313.0,15860.0,0,0,0,1.37,1.12,0.78
a21,9852.0,17533.0,15320.0,0,0,0,5.17,3.27,0.85
a22,7215.0,16507.0,14731.0,0,0,0,10.35,5.9,0.91
b1,11056.0,17085.0,13766.0,0,0,0,3.35,2.93,1.63
b2,10782.0,17607.0,14818.0,0,0,0,3.98,2.94,1.07
b3,10292.0,17801.0,15367.0,0,0,0,4.71,3.09,0.74
b4,10069.0,18023.0,15557.0,0,0,0,5.08,3.21,0.69
b5,7898.0,14121.0,10322.0,0,0,0,12.86,11.1,5.86
b6,6954.0,14811.0,11637.0,0,0,0,14.66,11.01,3.94
b7,6139.0,15508.0,13167.0,0,0,0,16.97,10.94,2.28
b8,5516.0,16195.0,14398.0,0,0,0,19.7,11.01,1.2
b9,4963.0,7133.0,4811.0,0,0,0,40.39,40.01,29.68
b10,4652.0,7477.0,5266.0,0,0,0,42.59,40.11,26.44
b11,4432.0,7895.0,5776.0,0,0,0,44.29,39.94,23.52
b12,4238.0,8252.0,6215.0,0,0,0,45.98,39.89,21.17
b13,4274.0,4781.0,3106.0,0,0,0,65.55,71.21,61.79
b14,3823.0,5087.0,3104.0,0,0,0,68.8,67.99,60.07
b15,3769.0,4807.0,3496.0,0,0,0,71.26,74.48,51.88
b16,4246.0,5329.0,3419.0,0,0,0,57.82,60.0,49.14
b17,3787.0,5280.0,3435.0,0,0,0,65.61,64.93,49.68
b18,4210.0,4855.0,3442.0,0,0,0,62.84,68.83,51.29
b19,4268.0,5080.0,3009.0,0,0,0,60.77,62.73,59.44
b20,11384.0,18270.0,15913.0,0,0,0,2.87,2.06,0.8
b21,8023.0,17026.0,15153.0,0,0,0,8.37,4.88,0.88
b22,5096.0,9971.0,7686.0,0,0,0,29.02,24.67,11.91
c1,10764.0,16460.0,12837.0,0,0,0,4.49,4.31,2.29
c2,10693.0,17134.0,14274.0,0,0,0,4.9,4.37,1.42
c3,10587.0,17712.0,15545.0,0,0,0,5.13,4.3,0.82
c4,10451.0,17873.0,15906.0,0,0,0,5.7,4.77,0.85
c5,6128.0,10386.0,8399.0,0,0,0,23.78,22.59,10.89
c6,5677.0,11722.0,11051.0,0,0,0,25.55,22.41,5.5
c7,5359.0,13009.0,13703.0,0,0,0,27.72,22.42,2.39
c8,5287.0,13795.0,15019.0,0,0,0,28.7,22.23,1.28
c9,4618.0,6608.0,4691.0,0,0,0,46.89,47.28,32.4
c10,4426.0,6960.0,5413.0,0,0,0,48.17,47.13,26.63
c11,4269.0,7433.0,6345.0,0,0,0,49.81,47.42,21.58
c12,4181.0,7843.0,7117.0,0,0,0,50.47,46.85,18.1
c13,4761.0,4870.0,3086.0,0,0,0,58.24,65.94,60.94
c14,3870.0,5541.0,3137.0,0,0,0,64.18,60.73,57.45
c15,3813.0,5111.0,4030.0,0,0,0,68.73,71.96,42.7
c16,4794.0,6121.0,3918.0,0,0,0,45.88,47.73,38.75
c17,3868.0,6028.0,3959.0,0,0,0,58.66,55.64,39.4
c18,4717.0,5208.0,3921.0,0,0,0,53.28,61.12,41.61
c19,4783.0,5604.0,3033.0,0,0,0,50.72,52.04,56.28
c20,11929.0,18573.0,16338.0,0,0,0,1.7,1.45,0.76
c21,5497.0,13004.0,11031.0,0,0,0,22.87,17.19,4.72
c22,4844.0,8464.0,6361.0,0,0,0,34.53,31.48,17.4
d1,11017.0,16507.0,13005.0,0,0,0,4.16,4.32,2.27
d2,11219.0,17158.0,14499.0,0,0,0,4.07,4.26,1.47
d3,11404.0,17728.0,15752.0,0,0,0,4.08,4.3,0.89
d4,11238.0,17760.0,15892.0,0,0,0,4.69,4.91,0.92
d5,6063.0,8994.0,7438.0,0,0,0,26.68,27.74,13.94
d6,6047.0,9966.0,10178.0,0,0,0,26.33,27.41,7.43
d7,6203.0,10894.0,13036.0,0,0,0,26.1,27.43,3.6
d8,6471.0,11715.0,15475.0,0,0,0,25.91,27.31,1.65
d9,4430.0,5955.0,4271.0,0,0,0,53.02,55.12,37.61
d10,4353.0,6160.0,4990.0,0,0,0,52.96,55.14,30.47
d11,4383.0,6569.0,6000.0,0,0,0,52.49,54.62,24.44
d12,4478.0,7669.0,9527.0,0,0,0,52.17,54.65,11.69
d13,5306.0,4958.0,3035.0,0,0,0,51.28,60.55,59.94
d14,3925.0,6061.0,3169.0,0,0,0,58.99,52.82,54.44
d15,3819.0,5388.0,4634.0,0,0,0,66.07,69.08,34.69
d16,5438.0,7046.0,4507.0,0,0,0,35.35,36.71,29.94
d17,3944.0,6895.0,4614.0,0,0,0,51.68,46.54,30.64
d18,5276.0,5597.0,4493.0,0,0,0,44.32,53.48,33.27
d19,5386.0,6164.0,3042.0,0,0,0,41.16,41.63,52.5
d20,7056.0,15274.0,13001.0,0,0,0,13.96,10.52,2.72
d21,6372.0,10223.0,7745.0,0,0,0,21.28,20.6,11.58
d22,4651.0,7640.0,5917.0,0,0,0,38.28,36.52,19.91
e1,11263.0,16645.0,13183.0,0,0,0,3.71,4.2,2.3
e2,11582.0,17205.0,14728.0,0,0,0,3.39,4.21,1.48
e3,11829.0,17743.0,15856.0,0,0,0,3.12,4.17,0.94
e4,11852.0,17814.0,16183.0,0,0,0,3.34,4.54,0.97
e5,9123.0,12503.0,9688.0,0,0,0,12.46,14.03,7.52
e6,9659.0,13116.0,11987.0,0,0,0,11.51,14.17,4.54
e7,10410.0,13709.0,14176.0,0,0,0,10.28,14.01,2.58
e8,11110.0,14301.0,16274.0,0,0,0,9.41,13.94,1.45
e9,5478.0,7132.0,5192.0,0,0,0,37.32,40.04,27.82
e10,5590.0,7215.0,5859.0,0,0,0,36.12,40.08,23.52
e11,5849.0,7488.0,6666.0,0,0,0,34.48,39.54,19.51
e12,6560.0,8193.0,9427.0,0,0,0,31.25,39.49,11.51
e13,6001.0,5114.0,3006.0,0,0,0,44.56,54.93,58.76
e14,4002.0,6690.0,3234.0,0,0,0,53.83,45.36,51.25
e15,3847.0,5771.0,5529.0,0,0,0,63.56,66.14,27.3
e16,6261.0,8286.0,5432.0,0,0,0,26.43,27.39,22.31
e17,4069.0,7971.0,5473.0,0,0,0,45.25,38.47,22.96
e18,5991.0,6146.0,5306.0,0,0,0,36.26,46.15,25.81
e19,6179.0,6873.0,3108.0,0,0,0,32.7,32.33,48.49
e20,5388.0,15121.0,14998.0,0,0,0,24.1,16.56,1.28
e21,6559.0,14210.0,13143.0,0,0,0,16.87,13.84,2.61
e22,5024.0,10415.0,9281.0,0,0,0,29.42,25.29,8.09
f1,11820.0,17822.0,14812.0,0,0,0,1.44,1.82,1.33
f2,12009.0,18081.0,15393.0,0,0,0,1.14,1.81,1.11
f3,12137.0,18328.0,15930.0,0,0,0,0.96,1.86,0.95
f4,12195.0,18487.0,16018.0,0,0,0,1.04,2.07,1.04
f5,11085.0,14701.0,10609.0,0,0,0,6.56,8.17,5.7
f6,11530.0,14774.0,11478.0,0,0,0,5.29,8.1,4.88
f7,11758.0,14918.0,12550.0,0,0,0,4.12,7.88,4.01
f8,12009.0,15251.0,13944.0,0,0,0,3.17,7.93,3.15
f9,5634.0,6928.0,4720.0,0,0,0,36.82,39.95,31.21
f10,5956.0,6848.0,4801.0,0,0,0,35.06,39.82,30.35
f11,6344.0,6880.0,5083.0,0,0,0,33.34,39.72,28.68
f12,7565.0,6825.0,5600.0,0,0,0,28.72,39.6,25.54
f13,6926.0,5339.0,3003.0,0,0,0,37.91,49.0,57.14
f14,4108.0,7369.0,3304.0,0,0,0,48.68,38.42,47.78
f15,3888.0,6243.0,6635.0,0,0,0,61.43,63.43,21.2
f16,7403.0,9930.0,6546.0,0,0,0,19.07,19.84,16.29
f17,4214.0,9225.0,6571.0,0,0,0,39.69,31.74,17.01
f18,6941.0,6846.0,6302.0,0,0,0,29.06,39.29,19.71
f19,7298.0,7781.0,3220.0,0,0,0,25.36,24.37,44.23
f20,5875.0,9963.0,8134.0,0,0,0,25.51,24.4,11.61
f21,4878.0,9431.0,8560.0,0,0,0,32.92,29.82,10.41
f22,4570.0,8122.0,6899.0,0,0,0,37.76,35.31,15.44
g1,11630.0,16891.0,12770.0,0,0,0,2.24,2.84,2.62
g2,11826.0,16975.0,12757.0,0,0,0,1.8,2.81,2.81
g3,11925.0,16961.0,12684.0,0,0,0,1.51,2.88,3.06
g4,11951.0,16941.0,12525.0,0,0,0,1.63,3.14,3.31
g5,10642.0,12873.0,8558.0,0,0,0,9.02,11.02,9.72
g6,11232.0,12610.0,8512.0,0,0,0,7.51,10.82,10.37
g7,11515.0,12316.0,8437.0,0,0,0,6.21,10.78,10.87
g8,11668.0,12189.0,8381.0,0,0,0,4.84,10.54,11.46
g9,5648.0,6771.0,4434.0,0,0,0,36.78,40.1,33.33
g10,6132.0,6646.0,4374.0,0,0,0,34.81,40.06,34.24
g11,6655.0,6609.0,4364.0,0,0,0,32.74,39.52,34.75
g12,8212.0,6239.0,4100.0,0,0,0,28.17,39.67,37.32
g13,7898.0,5527.0,2992.0,0,0,0,32.34,43.69,55.43
g14,4231.0,8166.0,3467.0,0,0,0,43.33,31.66,43.84
g15,3924.0,6781.0,7925.0,0,0,0,59.44,60.7,15.78
g16,8706.0,11978.0,7847.0,0,0,0,13.19,13.68,11.25
g17,4390.0,10687.0,7780.0,0,0,0,34.42,25.62,11.79
g18,8048.0,7622.0,7571.0,0,0,0,22.98,33.15,14.47
g19,8596.0,8910.0,3422.0,0,0,0,19.22,17.59,39.78
g20,4948.0,8459.0,7423.0,0,0,0,35.48,34.29,14.35
g21,4938.0,9209.0,9277.0,0,0,0,33.68,32.18,9.03
g22,4343.0,9979.0,14076.0,0,0,0,44.97,41.42,2.73
h1,11531.0,16622.0,11878.0,0,0,0,2.48,2.9,3.3
h2,11735.0,16518.0,11308.0,0,0,0,2.18,2.89,4.31
h3,11817.0,16250.0,10450.0,0,0,0,1.91,2.82,5.47
h4,11865.0,16100.0,10050.0,0,0,0,2.07,3.18,6.44
h5,10467.0,12743.0,7778.0,0,0,0,9.54,10.9,11.81
h6,11141.0,12118.0,6912.0,0,0,0,8.56,10.92,15.18
h7,11423.0,11500.0,6027.0,0,0,0,7.56,10.8,18.87
h8,11569.0,11086.0,5393.0,0,0,0,6.47,10.48,23.24
h9,5685.0,6771.0,4216.0,0,0,0,37.1,39.87,36.01
h10,6040.0,6603.0,3966.0,0,0,0,35.94,39.86,39.41
h11,6508.0,6422.0,3666.0,0,0,0,34.77,40.11,43.54
h12,7906.0,6000.0,3075.0,0,0,0,31.37,39.86,53.6
h13,8967.0,5769.0,3007.0,0,0,0,27.4,38.66,53.54
h14,4381.0,9120.0,3665.0,0,0,0,38.54,25.97,40.04
h15,3963.0,7339.0,9340.0,0,0,0,57.65,58.09,11.55
h16,9956.0,13994.0,9213.0,0,0,0,8.79,9.09,7.52
h17,4577.0,12261.0,9078.0,0,0,0,30.0,20.76,7.97
h18,9238.0,8576.0,8997.0,0,0,0,17.94,27.73,10.39
h19,9901.0,10331.0,3664.0,0,0,0,14.43,12.32,35.59
h20,4748.0,7792.0,7424.0,0,0,0,40.11,40.56,15.11
h21,5535.0,7717.0,5663.0,0,0,0,30.41,31.53,20.14
h22,5216.0,7952.0,8476.0,0,0,0,34.18,37.07,11.1
i1,11136.0,15573.0,9891.0,0,0,0,4.16,4.25,5.57
i2,11390.0,15202.0,8666.0,0,0,0,4.22,4.26,8.42
i3,11581.0,14734.0,7396.0,0,0,0,4.25,4.23,11.7
i4,11745.0,13947.0,5773.0,0,0,0,4.3,4.22,18.88
i5,8869.0,11431.0,6768.0,0,0,0,13.9,14.27,15.06
i6,9259.0,11099.0,5883.0,0,0,0,13.87,14.18,19.13
i7,9617.0,10753.0,5184.0,0,0,0,14.09,14.3,23.57
i8,10580.0,9662.0,3684.0,0,0,0,14.17,14.28,37.97
i9,5406.0,6844.0,4194.0,0,0,0,38.44,39.68,35.7
i10,5473.0,6733.0,3928.0,0,0,0,38.68,39.92,39.37
i11,5583.0,6696.0,3668.0,0,0,0,38.82,39.95,43.1
i12,5766.0,6405.0,3161.0,0,0,0,39.39,40.48,52.11
i13,9826.0,6037.0,3011.0,0,0,0,22.98,33.84,51.3
i14,4550.0,10137.0,3858.0,0,0,0,33.71,20.65,35.93
i15,4028.0,7970.0,10780.0,0,0,0,55.88,55.42,8.16
i16,10892.0,15796.0,10879.0,0,0,0,5.48,5.63,4.71
i17,4801.0,13789.0,10633.0,0,0,0,25.84,16.48,5.07
i18,10254.0,9701.0,10485.0,0,0,0,13.69,22.84,7.12
i19,10867.0,11860.0,4006.0,0,0,0,10.53,8.11,31.26
i20,4960.0,7249.0,7402.0,0,0,0,40.46,44.14,15.57
i21,9865.0,12818.0,12849.0,0,0,0,10.6,14.14,3.33
i22,6490.0,7039.0,6514.0,0,0,0,27.73,35.54,16.85
j1,11538.0,16986.0,12181.0,0,0,0,2.03,1.81,2.98
j2,11594.0,16583.0,10656.0,0,0,0,2.43,1.89,4.86
j3,11669.0,16122.0,8918.0,0,0,0,2.75,1.86,7.76
j4,11768.0,14938.0,5838.0,0,0,0,3.89,1.92,19.02
j5,9331.0,12989.0,7664.0,0,0,0,11.37,11.02,11.93
j6,9193.0,12647.0,6689.0,0,0,0,12.09,11.01,15.55
j7,9191.0,12275.0,5699.0,0,0,0,13.09,11.24,20.23
j8,9282.0,11444.0,4087.0,0,0,0,15.11,11.12,33.57
j9,5312.0,6890.0,4171.0,0,0,0,39.41,40.08,36.29
j10,5232.0,6872.0,3964.0,0,0,0,40.38,40.15,39.28
j11,5199.0,6830.0,3659.0,0,0,0,41.5,40.42,43.68
j12,5108.0,6667.0,3201.0,0,0,0,43.0,40.44,51.03
j13,10496.0,6400.0,3063.0,0,0,0,19.05,29.21,48.71
j14,4762.0,11164.0,4121.0,0,0,0,29.51,16.47,32.13
j15,4109.0,8727.0,12489.0,0,0,0,54.05,52.52,5.29
j16,11560.0,17256.0,12976.0,0,0,0,3.1,3.21,2.66
j17,5074.0,15136.0,12518.0,0,0,0,22.32,13.18,2.86
j18,11096.0,11192.0,12447.0,0,0,0,10.1,18.32,4.5
j19,11398.0,13198.0,4445.0,0,0,0,7.58,5.05,27.03
j20,6608.0,6753.0,5599.0,0,0,0,29.46,37.68,22.04
j21,11671.0,15638.0,15610.0,0,0,0,4.0,7.61,1.46
j22,11733.0,17920.0,15808.0,0,0,0,1.27,2.04,0.96
k1,10583.0,15806.0,10266.0,0,0,0,5.15,4.32,5.09
k2,9975.0,15471.0,9056.0,0,0,0,6.39,4.32,7.23
k3,9190.0,15127.0,8006.0,0,0,0,7.75,4.37,9.62
k4,8753.0,15044.0,7587.0,0,0,0,8.62,4.45,11.15
k5,7871.0,11829.0,6942.0,0,0,0,15.56,14.22,14.49
k6,7103.0,11742.0,6115.0,0,0,0,17.79,14.33,18.03
k7,6496.0,11612.0,5361.0,0,0,0,20.02,14.38,21.96
k8,5406.0,11452.0,4239.0,0,0,0,25.52,14.48,31.69
k9,5104.0,6978.0,4180.0,0,0,0,40.84,40.34,36.15
k10,4852.0,7017.0,3943.0,0,0,0,42.98,40.37,39.23
k11,4679.0,7166.0,3729.0,0,0,0,44.92,40.27,42.42
k12,4290.0,7213.0,3313.0,0,0,0,48.93,40.18,48.91
k13,10914.0,6971.0,3198.0,0,0,0,15.44,24.54,45.44
k14,5001.0,12101.0,4514.0,0,0,0,25.29,12.75,27.93
k15,4228.0,9489.0,14181.0,0,0,0,52.06,49.38,3.26
k16,11968.0,18347.0,15267.0,0,0,0,1.54,1.61,1.35
k17,5417.0,16073.0,14310.0,0,0,0,18.93,10.33,1.47
k18,11714.0,13010.0,14686.0,0,0,0,6.97,13.97,2.67
k19,11623.0,14267.0,5012.0,0,0,0,5.37,2.89,22.62
k20,11804.0,17543.0,14330.0,0,0,0,2.28,3.02,1.91
k21,11790.0,17850.0,14823.0,0,0,0,1.26,1.72,1.49
k22,11513.0,16928.0,12659.0,0,0,0,1.62,2.1,2.79
l1,11085.0,17044.0,12684.0,0,0,0,3.58,2.92,2.64
l2,10546.0,16925.0,12426.0,0,0,0,4.48,2.96,2.93
l3,9822.0,16802.0,12034.0,0,0,0,5.39,3.12,3.23
l4,9585.0,16810.0,11823.0,0,0,0,5.95,3.4,3.57
l5,8111.0,13455.0,8363.0,0,0,0,12.96,11.08,9.97
l6,6911.0,13629.0,8077.0,0,0,0,15.38,10.99,10.69
l7,6038.0,13706.0,7769.0,0,0,0,18.18,11.02,11.56
l8,5265.0,13776.0,7459.0,0,0,0,21.16,10.96,12.58
l9,5002.0,7056.0,4327.0,0,0,0,40.94,39.99,33.66
l10,4711.0,7251.0,4294.0,0,0,0,43.02,39.82,34.15
l11,4481.0,7495.0,4241.0,0,0,0,45.36,39.98,35.08
l12,4195.0,7591.0,4118.0,0,0,0,48.06,40.19,35.97
l13,11206.0,7823.0,3445.0,0,0,0,12.12,19.77,41.27
l14,5287.0,12755.0,5011.0,0,0,0,21.34,9.74,23.64
l15,4418.0,10291.0,15357.0,0,0,0,48.52,44.71,1.86
l16,12232.0,19052.0,16972.0,0,0,0,0.63,0.68,0.6
l17,5852.0,16708.0,15620.0,0,0,0,15.51,7.82,0.67
l18,12054.0,15104.0,16431.0,0,0,0,4.37,9.78,1.44
l19,11680.0,15023.0,5887.0,0,0,0,3.85,1.6,18.27
l20,12088.0,18703.0,16466.0,0,0,0,0.71,0.78,0.82
l21,11887.0,18369.0,15855.0,0,0,0,0.96,0.93,1.01
l22,11519.0,17831.0,14766.0,0,0,0,1.94,1.57,1.38
gs0,3685.0,4510.0,2918.0,0,0,0,74.72,77.75,63.04
gs1,3933.0,4936.0,3153.0,0,0,0,65.56,67.88,55.45
gs2,4206.0,5298.0,3365.0,0,0,0,58.77,60.99,49.71
gs3,4463.0,5714.0,3619.0,0,0,0,52.06,53.98,44.05
gs4,4765.0,6126.0,3898.0,0,0,0,45.81,47.44,38.7
gs5,5165.0,6700.0,4311.0,0,0,0,39.71,41.23,33.59
gs6,5574.0,7292.0,4740.0,0,0,0,34.84,36.16,29.36
gs7,6075.0,8039.0,5269.0,0,0,0,30.03,31.18,25.42
gs8,6603.0,8757.0,5764.0,0,0,0,25.6,26.6,21.81
gs9,7201.0,9629.0,6404.0,0,0,0,21.49,22.27,18.18
gs10,7851.0,10533.0,6967.0,0,0,0,18.22,18.88,15.51
gs11,8571.0,11737.0,7732.0,0,0,0,15.15,15.65,12.67
gs12,9302.0,12737.0,8378.0,0,0,0,12.54,12.98,10.68
gs13,9929.0,13793.0,9084.0,0,0,0,10.08,10.41,8.63
gs14,10431.0,14743.0,9853.0,0,0,0,8.0,8.24,6.87
gs15,10857.0,15578.0,10814.0,0,0,0,6.21,6.42,5.29
gs16,11224.0,16475.0,11757.0,0,0,0,4.68,4.81,4.05
gs17,11512.0,17207.0,12870.0,0,0,0,3.52,3.65,3.03
gs18,11784.0,17796.0,13954.0,0,0,0,2.57,2.68,2.23
gs19,11955.0,18213.0,15023.0,0,0,0,1.75,1.84,1.54
gs20,11991.0,18507.0,15997.0,0,0,0,1.17,1.22,1.07
gs21,11866.0,18399.0,16076.0,0,0,0,0.95,1.0,0.87
gs22,11773.0,18234.0,16141.0,0,0,0,0.75,0.8,0.7
gs23,11786.0,18389.0,16436.0,0,0,0,0.43,0.52,0.56
