patch,r,g,b,refR,refG,refB,refX,refY,refZ
a1,25252.0,34333.0,32000.0,0,0,0,1540.89555006,1394.0,1372.89184178
a2,21365.0,36080.0,33895.0,0,0,0,1756.6170755,1383.0,1266.24466391
a3,19137.0,37490.0,35900.0,0,0,0,1921.44012945,1375.0,1153.39805825
a4,18455.0,37433.0,35515.0,0,0,0,2056.4045677,1440.0,1201.80097879
a5,14960.0,21135.0,18200.0,0,0,0,4144.71662125,3701.0,3359.24856191
a6,12402.0,23800.0,19722.0,0,0,0,4771.84104938,3739.0,3029.28240741
a7,10707.0,27010.0,21567.0,0,0,0,5314.16666667,3682.0,2670.5
a8,9247.0,31445.0,23697.0,0,0,0,5988.85311475,3643.0,2312.40918033
a9,9205.0,9722.0,8982.0,0,0,0,12155.5568581,11980.0,10975.8147714
a10,8662.0,10345.0,9365.0,0,0,0,12713.7809187,12000.0,10621.9081272
a11,8192.0,11037.0,9717.0,0,0,0,13202.6743499,11930.0,10121.462766
a12,7715.0,11305.0,9822.0,0,0,0,13693.3769322,11940.0,9860.08323424
a13,7457.0,6060.0,5850.0,0,0,0,21174.6122449,22170.0,21290.9562682
a14,7287.0,6217.0,5880.0,0,0,0,21130.7833284,21480.0,20883.1569613
a15,7245.0,5917.0,5837.0,0,0,0,21783.4484761,22590.0,21199.8461538
a16,7180.0,5912.0,5720.0,0,0,0,21326.0961313,21970.0,21094.2907386
a17,7052.0,5805.0,5720.0,0,0,0,21655.848564,22410.0,20947.2062663
a18,7127.0,5817.0,5720.0,0,0,0,21686.7024673,22510.0,21144.371553
a19,7405.0,6082.0,5720.0,0,0,0,20181.7634855,20830.0,20725.0474215
a20,33193.0,42090.0,44223.0,0,0,0,677.534555308,603.3,642.340452662
a21,18850.0,37278.0,41035.0,0,0,0,1736.39698492,1221.0,651.825598581
a22,13042.0,35728.0,40235.0,0,0,0,3086.12137203,1944.0,669.08707124
b1,25977.0,35068.0,34153.0,0,0,0,1469.44946809,1371.0,1210.96897163
b2,22855.0,37305.0,38563.0,0,0,0,1616.66187262,1361.0,1017.054887
b3,20650.0,39213.0,42293.0,0,0,0,1779.34856974,1371.0,892.706576231
b4,19862.0,39598.0,43455.0,0,0,0,1889.49837806,1421.0,880.005897965
b5,14480.0,22210.0,22142.0,0,0,0,4135.86095346,3702.0,2667.24687855
b6,12510.0,26067.0,27855.0,0,0,0,4610.41608294,3677.0,2015.18968899
b7,10975.0,31040.0,34695.0,0,0,0,5131.65018264,3623.0,1425.17561113
b8,9812.0,36868.0,41365.0,0,0,0,5745.68917749,3593.0,1030.71919192
b9,9290.0,9920.0,9632.0,0,0,0,12015.8026467,11930.0,10375.2560414
b10,8695.0,10670.0,10527.0,0,0,0,12482.5843015,11880.0,9301.3431567
b11,8267.0,11485.0,11540.0,0,0,0,12913.716443,11850.0,8373.86744966
b12,7885.0,12077.0,12445.0,0,0,0,13307.1124031,11830.0,7614.8255814
b13,8215.0,6295.0,6115.0,0,0,0,19217.069371,20630.0,20793.7301587
b14,7457.0,6860.0,6222.0,0,0,0,19972.9593693,19710.0,20080.5336568
b15,7382.0,6460.0,7010.0,0,0,0,20622.7197117,21530.0,17536.7729415
b16,8162.0,7085.0,6947.0,0,0,0,16861.7990654,17390.0,16536.7523364
b17,7297.0,7020.0,6925.0,0,0,0,18892.7752028,18730.0,16635.6257242
b18,8130.0,6375.0,6862.0,0,0,0,18277.5034868,19850.0,17242.0920502
b19,8022.0,6630.0,5880.0,0,0,0,17538.2760736,17940.0,19552.398773
b20,25562.0,40040.0,43038.0,0,0,0,1053.00981267,827.4,579.893487957
b21,14565.0,36800.0,41110.0,0,0,0,2565.17791411,1644.0,593.626643295
b22,9002.0,14705.0,14852.0,0,0,0,8353.68619934,7262.0,4269.30832421
c1,23965.0,30607.0,30955.0,0,0,0,1768.28067701,1735.0,1390.93653032
c2,22567.0,33010.0,36848.0,0,0,0,1520.63736829,1376.0,639.728604472
c3,21715.0,35445.0,43028.0,0,0,0,1719.22832443,1511.0,611.622679888
c4,21087.0,35090.0,43743.0,0,0,0,1782.17157712,1551.0,506.887843526
c5,10985.0,14960.0,16312.0,0,0,0,6812.41986337,6531.0,3816.32790331
c6,10122.0,18357.0,26307.0,0,0,0,7333.96819961,6614.0,2231.09246575
c7,9642.0,22467.0,39330.0,0,0,0,7802.91824197,6565.0,1144.84168242
c8,9632.0,25002.0,46268.0,0,0,0,8135.79843861,6639.0,931.3761533
c9,8747.0,9060.0,9387.0,0,0,0,13562.9642058,13670.0,10994.1051454
c10,8352.0,9737.0,10975.0,0,0,0,13809.5832213,13630.0,9210.0537779
c11,8045.0,10477.0,12840.0,0,0,0,14117.4164291,13630.0,7572.61466701
c12,7885.0,11107.0,14692.0,0,0,0,14248.7484165,13490.0,6439.10818343
c13,9205.0,6525.0,6200.0,0,0,0,16961.1124331,18770.0,20098.7507436
c14,7522.0,7580.0,6425.0,0,0,0,18146.2688442,17160.0,18588.2035176
c15,7447.0,6860.0,8205.0,0,0,0,19267.009544,20210.0,14101.9936373
c16,9195.0,8357.0,8150.0,0,0,0,13117.1403662,13530.0,12672.8247602
c17,7522.0,8300.0,8320.0,0,0,0,16403.1257176,15670.0,12903.9121699
c18,9045.0,6972.0,8045.0,0,0,0,15119.7481918,17140.0,13655.0656309
c19,9045.0,7387.0,6030.0,0,0,0,14366.1102159,14530.0,17929.5423783
c20,32030.0,41823.0,44808.0,0,0,0,698.445505618,609.9,495.025280899
c21,9440.0,21352.0,25467.0,0,0,0,6467.26647261,5060.0,1862.51918497
c22,8725.0,11862.0,12062.0,0,0,0,9716.66776226,8963.0,5869.77074774
d1,25840.0,30490.0,31422.0,0,0,0,1614.60463193,1667.0,1314.48028674
d2,25977.0,32040.0,37135.0,0,0,0,1582.53046409,1660.0,1061.33264195
d3,26500.0,33990.0,43093.0,0,0,0,1588.4334817,1675.0,878.505192878
d4,25180.0,32985.0,43455.0,0,0,0,1771.58262351,1867.0,905.101971283
d5,11145.0,12435.0,14490.0,0,0,0,7852.75951333,8170.0,5126.60626456
d6,11135.0,14505.0,23302.0,0,0,0,7731.9558308,8131.0,3139.14746436
d7,11572.0,17220.0,36635.0,0,0,0,7581.05595161,8071.0,1783.67530784
d8,12295.0,19860.0,49315.0,0,0,0,7487.87515502,8020.0,1069.22281935
d9,8395.0,7930.0,8535.0,0,0,0,15022.4101714,15560.0,12424.7761194
d10,8407.0,8490.0,10315.0,0,0,0,14954.9332635,15600.0,10272.0753729
d11,8375.0,8985.0,12190.0,0,0,0,14723.6377246,15420.0,8329.41616766
d12,8567.0,10867.0,21237.0,0,0,0,14469.8237394,15350.0,4428.27978581
d13,10260.0,6642.0,6180.0,0,0,0,14810.1086957,16920.0,19356.8478261
d14,7627.0,8577.0,6605.0,0,0,0,16347.5246225,14680.0,17166.8286277
d15,7542.0,7430.0,9750.0,0,0,0,18300.8244275,19210.0,11369.5826972
d16,10547.0,10047.0,9590.0,0,0,0,10065.2053597,10330.0,9695.09466939
d17,7650.0,9907.0,9802.0,0,0,0,14196.241074,12970.0,9880.31705227
d18,10175.0,7537.0,9302.0,0,0,0,12563.722966,14900.0,10898.7899073
d19,10240.0,8305.0,6082.0,0,0,0,11627.0943396,11540.0,16421.2418525
d20,12670.0,26942.0,33000.0,0,0,0,3926.20380148,3076.0,1118.17634636
d21,11497.0,14457.0,14937.0,0,0,0,6130.00053952,5944.0,3960.52872943
d22,8610.0,10570.0,11507.0,0,0,0,10538.8707519,10140.0,6455.19400589
e1,28332.0,30462.0,31647.0,0,0,0,1407.42179072,1544.0,1212.54800431
e2,30177.0,31690.0,37765.0,0,0,0,1315.63069307,1546.0,965.101980198
e3,32382.0,33225.0,43838.0,0,0,0,1261.59275598,1565.0,807.0269329
e4,32190.0,32575.0,44530.0,0,0,0,1370.7276068,1714.0,851.882406982
e5,17380.0,17682.0,19990.0,0,0,0,3912.51686559,4333.0,2997.34769071
e6,18977.0,19190.0,29025.0,0,0,0,3622.82933579,4349.0,2058.15221402
e7,21450.0,20650.0,38765.0,0,0,0,3175.94313968,4188.0,1263.99258344
e8,24487.0,22200.0,47995.0,0,0,0,3068.46971473,4292.0,1025.61860102
e9,10345.0,9642.0,10302.0,0,0,0,10563.4212696,11230.0,9066.70513877
e10,10762.0,10080.0,12030.0,0,0,0,10263.8896121,11280.0,7823.46263994
e11,11220.0,10437.0,13820.0,0,0,0,9676.59921027,10980.0,6441.13030602
e12,12647.0,11460.0,20947.0,0,0,0,8704.93621622,10890.0,3951.00972973
e13,11657.0,6850.0,6190.0,0,0,0,12802.1338655,15190.0,18645.8765735
e14,7725.0,9770.0,6830.0,0,0,0,14639.8727648,12430.0,15674.281293
e15,7617.0,7990.0,11572.0,0,0,0,17193.9618955,18040.0,8830.52271617
e16,12157.0,12182.0,11325.0,0,0,0,7529.6489083,7684.0,7156.07452693
e17,7872.0,11997.0,11582.0,0,0,0,12289.0324417,10660.0,7386.76721685
e18,11700.0,8282.0,11050.0,0,0,0,10194.8959366,12680.0,8542.34886026
e19,11657.0,9432.0,6242.0,0,0,0,9129.93922652,8837.0,14581.8637201
e20,9492.0,28210.0,43475.0,0,0,0,6434.84630839,4647.0,588.168759417
e21,11730.0,23675.0,34398.0,0,0,0,4750.84660622,4005.0,1057.9245283
e22,9110.0,15880.0,20437.0,0,0,0,8016.6317388,7048.0,2773.89015439
f1,35930.0,38648.0,37955.0,0,0,0,672.98500283,774.7,744.448556876
f2,37615.0,39038.0,40930.0,0,0,0,495.72192846,663.6,560.740279938
f3,38530.0,39143.0,43573.0,0,0,0,526.972400898,771.7,625.286711543
f4,39108.0,38898.0,44063.0,0,0,0,451.931165185,711.7,501.553673374
f5,25500.0,21852.0,22195.0,0,0,0,2040.2863673,2425.0,2055.28367841
f6,31327.0,21982.0,25957.0,0,0,0,1719.0386414,2426.0,1825.91877923
f7,35793.0,22237.0,30155.0,0,0,0,1311.0,2262.0,1427.0
f8,38020.0,22712.0,35623.0,0,0,0,1053.41581171,2262.0,1234.97646349
f9,10675.0,9407.0,9355.0,0,0,0,10025.6144307,10740.0,9504.96054115
f10,11507.0,9435.0,9930.0,0,0,0,9726.42303433,10870.0,9497.7076412
f11,12210.0,9380.0,10250.0,0,0,0,9151.00725222,10680.0,8855.53585818
f12,14852.0,9045.0,11347.0,0,0,0,7953.52323838,10610.0,7948.22088956
f13,13627.0,7085.0,6137.0,0,0,0,10665.917791,13160.0,17466.8340132
f14,7830.0,11207.0,6947.0,0,0,0,12931.5443038,10340.0,14124.477396
f15,7725.0,8687.0,13957.0,0,0,0,16328.1560953,17010.0,6770.30888941
f16,14267.0,14585.0,13275.0,0,0,0,5341.98951965,5471.0,5114.23027656
f17,8045.0,14645.0,13852.0,0,0,0,10450.3650298,8564.0,5294.46267386
f18,13660.0,9177.0,13212.0,0,0,0,8025.29273454,10590.0,6284.7778039
f19,13797.0,10895.0,6392.0,0,0,0,6978.71864952,6562.0,12833.8794212
f20,10602.0,14155.0,16025.0,0,0,0,6903.98126464,6633.0,3722.97189696
f21,8822.0,13515.0,17410.0,0,0,0,8878.60150376,8172.0,3430.60150376
f22,8535.0,11442.0,13787.0,0,0,0,10106.409874,9556.0,4909.45950116
g1,34460.0,32883.0,29910.0,0,0,0,817.542575713,961.1,1047.29097324
g2,36858.0,32035.0,29462.0,0,0,0,616.631853786,858.8,1016.00997969
g3,38170.0,31270.0,28737.0,0,0,0,531.98072842,863.2,1080.29962719
g4,38488.0,30730.0,28952.0,0,0,0,587.516193752,945.5,1176.92934938
g5,22537.0,17697.0,15557.0,0,0,0,2636.33266533,3110.0,3157.18866304
g6,28375.0,16962.0,15045.0,0,0,0,2327.80919932,3134.0,3436.54400909
g7,33608.0,16052.0,14692.0,0,0,0,1898.39362594,3006.0,3499.29661728
g8,36475.0,15685.0,14822.0,0,0,0,1740.27589158,3101.0,4006.0850214
g9,10825.0,9242.0,8907.0,0,0,0,10101.3341001,10840.0,10226.0034503
g10,11817.0,9067.0,8907.0,0,0,0,9498.54285714,10700.0,10372.8857143
g11,12840.0,8947.0,8832.0,0,0,0,8899.92598918,10520.0,10525.989183
g12,16195.0,8172.0,8257.0,0,0,0,7914.0,10620.0,11466.0
g13,15737.0,7292.0,6062.0,0,0,0,9107.18971061,11570.0,16525.3826367
g14,8012.0,13202.0,7222.0,0,0,0,11366.1390374,8468.0,12511.1627196
g15,7810.0,9587.0,17060.0,0,0,0,15004.0164309,15580.0,4970.52487449
g16,17070.0,17965.0,16175.0,0,0,0,3729.77677269,3785.0,3529.86868982
g17,8215.0,17885.0,16632.0,0,0,0,8909.14237192,6880.0,3684.39286725
g18,15940.0,10265.0,15770.0,0,0,0,6309.60683761,8816.0,4703.45299145
g19,16440.0,12785.0,6542.0,0,0,0,5352.95073892,4787.0,11297.5772503
g20,9172.0,11815.0,14960.0,0,0,0,9417.85973306,9173.0,4509.11508436
g21,9162.0,13280.0,20277.0,0,0,0,8966.88846611,8666.0,2975.91058264
g22,8492.0,16647.0,42463.0,0,0,0,11447.3333333,10850.0,1036.0
h1,33748.0,32057.0,26735.0,0,0,0,791.887424387,875.2,1119.28634193
h2,36230.0,30400.0,23537.0,0,0,0,684.165517241,831.6,1380.7862069
h3,37955.0,29345.0,20617.0,0,0,0,686.247926267,882.9,1821.40506912
h4,38255.0,27880.0,19222.0,0,0,0,687.428740624,921.3,2028.46036321
h5,21757.0,17550.0,13575.0,0,0,0,2694.13649112,2973.0,3597.43191025
h6,27075.0,16290.0,11357.0,0,0,0,2490.53438443,3007.0,4589.68466957
h7,32722.0,15045.0,9717.0,0,0,0,2220.23469014,2932.0,5599.50715072
h8,35953.0,14372.0,8747.0,0,0,0,1984.7144623,2857.0,6930.02018953
h9,10890.0,9257.0,8375.0,0,0,0,9865.49112426,10440.0,10582.0828402
h10,11572.0,9007.0,8032.0,0,0,0,9669.96366939,10510.0,11639.5943082
h11,12582.0,8747.0,7512.0,0,0,0,9394.89282386,10530.0,12787.1295433
h12,15515.0,7905.0,6222.0,0,0,0,8565.11318242,10400.0,15655.3928096
h13,18592.0,7597.0,5977.0,0,0,0,7723.47364932,10140.0,15746.0722572
h14,8267.0,15700.0,7597.0,0,0,0,9862.24714519,6835.0,11177.95677
h15,7960.0,10750.0,21482.0,0,0,0,14611.0113107,14990.0,3643.61055666
h16,20587.0,22060.0,20052.0,0,0,0,2585.01320035,2558.0,2360.6535641
h17,8407.0,21617.0,20427.0,0,0,0,7651.25899688,5541.0,2509.07282516
h18,18837.0,11682.0,19627.0,0,0,0,4906.92124308,7316.0,3349.66283525
h19,20170.0,15205.0,6787.0,0,0,0,3888.58719417,3272.0,9872.20822488
h20,8940.0,10717.0,15205.0,0,0,0,10388.5204082,10550.0,4693.16083576
h21,10452.0,10692.0,11295.0,0,0,0,8133.96471856,8373.0,6043.53353084
h22,9867.0,11027.0,18200.0,0,0,0,8975.0715588,9753.0,3498.45533273
i1,28345.0,27230.0,20010.0,0,0,0,1200.01674224,1188.0,1755.6874782
i2,30890.0,25135.0,15012.0,0,0,0,1194.37779619,1164.0,2463.49461475
i3,33748.0,23757.0,12115.0,0,0,0,1234.09598433,1182.0,3372.3467189
i4,37168.0,21460.0,9057.0,0,0,0,1250.64900662,1160.0,5271.47019868
i5,16857.0,16072.0,11945.0,0,0,0,3791.2764613,3830.0,4479.82938389
i6,17870.0,15587.0,10080.0,0,0,0,3791.32240056,3790.0,5642.68318214
i7,18945.0,15045.0,8907.0,0,0,0,3841.08212376,3799.0,6870.99503438
i8,23837.0,13260.0,6275.0,0,0,0,3871.40683678,3768.0,10502.1434762
i9,10367.0,9535.0,8502.0,0,0,0,10083.2535885,10280.0,10378.3732057
i10,10462.0,9332.0,7905.0,0,0,0,10217.4876847,10400.0,11402.2167488
i11,10730.0,9327.0,7565.0,0,0,0,10238.0012731,10360.0,12374.6276257
i12,11050.0,8837.0,6477.0,0,0,0,10296.6382253,10450.0,14918.890785
i13,21930.0,7957.0,5902.0,0,0,0,6446.19438741,8810.0,14894.3874059
i14,8470.0,18427.0,8022.0,0,0,0,8554.57972914,5459.0,9835.26256007
i15,8022.0,12152.0,27097.0,0,0,0,14175.6521739,14300.0,2611.30434783
i16,25350.0,27737.0,25562.0,0,0,0,1674.24918615,1636.0,1531.41994673
i17,8767.0,26222.0,25745.0,0,0,0,6517.44441277,4401.0,1627.16562144
i18,22397.0,13547.0,24775.0,0,0,0,3748.97014925,5994.0,2346.58208955
i19,25020.0,17782.0,7160.0,0,0,0,2835.27863777,2165.0,8405.29411765
i20,9407.0,9797.0,15097.0,0,0,0,10471.6631677,11420.0,4747.01189643
i21,19967.0,18982.0,33575.0,0,0,0,2953.33554404,3843.0,1168.43129534
i22,12680.0,9317.0,13117.0,0,0,0,7277.27827311,9160.0,5054.97888315
j1,33353.0,36388.0,27950.0,0,0,0,665.477799154,585.9,1002.95078876
j2,33405.0,34653.0,21642.0,0,0,0,703.3555666,538.9,1436.17385686
j3,34875.0,32958.0,16292.0,0,0,0,792.354236157,535.5,2244.52735157
j4,38328.0,27975.0,9557.0,0,0,0,1023.56897404,523.1,4919.33844252
j5,17997.0,19045.0,13915.0,0,0,0,3081.3041924,2929.0,3508.7078323
j6,17720.0,18795.0,11817.0,0,0,0,3307.85326087,2969.0,4480.39311594
j7,17592.0,18385.0,10005.0,0,0,0,3511.21551724,2973.0,5720.2179803
j8,17890.0,17630.0,7277.0,0,0,0,3971.62730228,2914.0,8899.85482124
j9,10165.0,9642.0,8522.0,0,0,0,10203.7871957,10250.0,10354.7490231
j10,9962.0,9610.0,8045.0,0,0,0,10489.4423792,10320.0,11160.8178439
j11,9877.0,9540.0,7447.0,0,0,0,10782.5856496,10380.0,12386.2184874
j12,9727.0,9427.0,6605.0,0,0,0,11028.0413793,10360.0,14336.0965517
j13,25755.0,8422.0,5955.0,0,0,0,5424.96004281,7539.0,13932.2226186
j14,8757.0,21252.0,8492.0,0,0,0,7437.9732842,4388.0,8385.91064026
j15,8247.0,14235.0,35685.0,0,0,0,13567.9336188,13410.0,1737.26980728
j16,31412.0,35378.0,33470.0,0,0,0,1046.01139601,1049.0,893.592592593
j17,9237.0,31882.0,33235.0,0,0,0,5570.80103508,3481.0,956.824611846
j18,27172.0,16185.0,32425.0,0,0,0,2783.24064885,4777.0,1556.17156489
j19,30932.0,20740.0,7787.0,0,0,0,2052.05488722,1409.0,7132.93007519
j20,12712.0,8890.0,11155.0,0,0,0,7666.55842558,9595.0,6342.37761378
j21,34098.0,24912.0,45063.0,0,0,0,1175.18186844,2056.0,557.283213562
j22,37125.0,38910.0,46513.0,0,0,0,584.662619808,743.9,499.650700418
k1,23037.0,28647.0,21150.0,0,0,0,1382.61308477,1147.0,1504.85754485
k2,19830.0,28610.0,16845.0,0,0,0,1637.79069767,1125.0,1994.08033827
k3,17517.0,28992.0,14160.0,0,0,0,1918.76242545,1119.0,2523.86779324
k4,16665.0,29755.0,13500.0,0,0,0,2091.62046562,1113.0,2821.36762317
k5,14640.0,17522.0,12615.0,0,0,0,3982.28040103,3593.0,4045.03007762
k6,13062.0,18375.0,11060.0,0,0,0,4464.25125628,3604.0,4867.85786073
k7,11870.0,19162.0,9962.0,0,0,0,5003.88067497,3609.0,5886.91844114
k8,9802.0,20990.0,8182.0,0,0,0,6179.76366322,3638.0,8094.5947809
k9,9665.0,9742.0,8427.0,0,0,0,10343.5843373,10130.0,10038.4638554
k10,9172.0,9962.0,7960.0,0,0,0,10746.7896218,10070.0,10661.7974367
k11,8842.0,10197.0,7585.0,0,0,0,11246.9702906,10070.0,11559.294809
k12,8215.0,10740.0,6905.0,0,0,0,12152.0084567,10040.0,13185.017618
k13,29462.0,9012.0,6082.0,0,0,0,4323.49179717,6251.0,12732.7416107
k14,9172.0,24235.0,9227.0,0,0,0,6188.19629444,3306.0,7060.63595393
k15,8512.0,16302.0,43775.0,0,0,0,12038.0493984,11760.0,1027.78974034
k16,36400.0,42410.0,42100.0,0,0,0,553.116029197,540.8,485.062072993
k17,9770.0,37795.0,40898.0,0,0,0,4605.13211382,2695.0,525.071138211
k18,32275.0,19195.0,40843.0,0,0,0,1876.08774995,3422.0,1345.28246942
k19,35293.0,24705.0,8695.0,0,0,0,1362.90798479,806.4,5496.09125475
k20,35110.0,35430.0,38703.0,0,0,0,705.950167396,870.5,665.373165079
k21,36773.0,38723.0,39513.0,0,0,0,442.506547286,544.6,536.676329043
k22,35728.0,34353.0,29772.0,0,0,0,558.993062438,639.0,913.007928642
l1,25605.0,34295.0,28982.0,0,0,0,972.23984324,788.4,814.147877204
l2,21757.0,35083.0,28067.0,0,0,0,1160.71454027,785.0,851.862081254
l3,19275.0,35765.0,27565.0,0,0,0,1384.59657143,822.3,925.674857143
l4,18667.0,35883.0,27235.0,0,0,0,1480.23332048,867.4,997.5267258
l5,15110.0,20952.0,15972.0,0,0,0,3313.04526749,2821.0,2795.99588477
l6,12605.0,23340.0,15472.0,0,0,0,3847.51868358,2803.0,2958.66883785
l7,10815.0,26137.0,15077.0,0,0,0,4494.81753995,2809.0,3134.68115942
l8,9322.0,29237.0,14532.0,0,0,0,5132.91539081,2808.0,3372.54149879
l9,9462.0,9925.0,8842.0,0,0,0,10152.6820604,9810.0,9078.1705151
l10,8917.0,10382.0,8832.0,0,0,0,10769.269103,9974.0,9380.56055572
l11,8512.0,10957.0,8875.0,0,0,0,11228.6625464,9936.0,9539.91100124
l12,8045.0,11425.0,8725.0,0,0,0,11811.1498258,9970.0,9799.46468166
l13,32467.0,9977.0,6327.0,0,0,0,3479.37159763,5043.0,11371.1195266
l14,9590.0,27005.0,10047.0,0,0,0,5351.48912494,2731.0,5731.37025797
l15,8885.0,18577.0,51435.0,0,0,0,11794.306383,11080.0,700.161702128
l16,39053.0,47215.0,52108.0,0,0,0,451.561772686,354.6,262.876514923
l17,10560.0,41718.0,48270.0,0,0,0,3767.98389502,2046.0,288.014315538
l18,36175.0,23357.0,49305.0,0,0,0,1266.53157625,2566.0,559.048091734
l19,37253.0,28925.0,9887.0,0,0,0,980.915736041,469.6,4508.8751269
l20,37700.0,44153.0,46333.0,0,0,0,295.660512,299.3,362.799488
l21,36325.0,42235.0,42315.0,0,0,0,350.624742268,329.6,381.630927835
l22,30785.0,38973.0,37028.0,0,0,0,643.563606771,523.3,536.586914062
gs0,7095.0,5587.0,5327.0,0,0,0,19000.3149379,19730.0,18276.3305403
gs1,7512.0,6205.0,5892.0,0,0,0,17431.4289863,17910.0,16677.159454
gs2,7915.0,6647.0,6350.0,0,0,0,15705.9123876,16180.0,15053.4551784
gs3,8480.0,7372.0,7052.0,0,0,0,13910.1508121,14300.0,13263.1670534
gs4,9077.0,8122.0,7660.0,0,0,0,12316.4300203,12650.0,11689.6117068
gs5,9812.0,8970.0,8460.0,0,0,0,10713.9774371,11020.0,10143.3728666
gs6,10410.0,9807.0,9067.0,0,0,0,9425.80415945,9686.0,8866.24321202
gs7,11272.0,10782.0,9930.0,0,0,0,8201.19010417,8433.0,7766.8515625
gs8,12265.0,11950.0,10782.0,0,0,0,7006.86948956,7214.0,6701.40429234
gs9,13405.0,13580.0,12092.0,0,0,0,5900.17875798,6044.0,5594.99709808
gs10,14620.0,15067.0,13105.0,0,0,0,5081.40249927,5207.0,4843.82650392
gs11,15940.0,16882.0,14790.0,0,0,0,4281.35017422,4365.0,4027.86585366
gs12,17697.0,18610.0,16505.0,0,0,0,3568.73527697,3642.0,3407.34052478
gs13,19552.0,20617.0,18220.0,0,0,0,2900.52122987,2948.0,2783.98243045
gs14,21492.0,22897.0,20617.0,0,0,0,2344.77440283,2365.0,2264.56944854
gs15,23932.0,25610.0,23420.0,0,0,0,1838.40774421,1863.0,1763.53798768
gs16,26627.0,28800.0,25925.0,0,0,0,1416.03281111,1427.0,1375.11676027
gs17,29632.0,32340.0,29560.0,0,0,0,1069.46497192,1080.0,1042.96778008
gs18,32415.0,35888.0,33278.0,0,0,0,796.423396675,803.1,784.977790974
gs19,34385.0,38968.0,37403.0,0,0,0,568.299286776,574.1,563.692838039
gs20,35570.0,41138.0,41218.0,0,0,0,407.277914294,407.4,406.179142943
gs21,35815.0,41388.0,42293.0,0,0,0,337.298526316,337.4,340.038315789
gs22,35878.0,41530.0,43625.0,0,0,0,294.150967577,276.557377,295.970994188
gs23,36315.0,41793.0,44700.0,0,0,0,234.075679172,234.0,288.716041397
