patch,r,g,b,refR,refG,refB,refX,refY,refZ
a1,2948.0,4893.0,3474.0,0,0,0,3.6,3.01,2.05
a2,2500.0,5411.0,3663.0,0,0,0,4.42,2.97,1.76
a3,2207.0,5943.0,4007.0,0,0,0,5.12,3.01,1.46
a4,2133.0,6009.0,3976.0,0,0,0,5.65,3.26,1.6
a5,1716.0,2887.0,1934.0,0,0,0,12.71,10.97,7.93
a6,1440.0,3295.0,2061.0,0,0,0,15.07,11.1,6.97
a7,1263.0,3860.0,2208.0,0,0,0,17.42,11.1,6.06
a8,1143.0,4737.0,2446.0,0,0,0,20.36,11.07,5.12
a9,1101.0,1208.0,1009.0,0,0,0,40.62,39.94,31.49
a10,1025.0,1244.0,1026.0,0,0,0,42.88,40.04,30.47
a11,959.0,1291.0,1046.0,0,0,0,45.09,40.03,29.12
a12,903.0,1327.0,1054.0,0,0,0,46.77,39.85,28.06
a13,882.0,736.0,634.0,0,0,0,71.78,75.46,63.09
a14,859.0,758.0,643.0,0,0,0,71.91,73.14,62.17
a15,860.0,731.0,633.0,0,0,0,74.11,76.98,63.06
a16,864.0,739.0,627.0,0,0,0,72.73,75.12,62.6
a17,854.0,723.0,627.0,0,0,0,74.05,76.81,62.33
a18,849.0,714.0,618.0,0,0,0,74.16,77.19,62.97
a19,873.0,731.0,598.0,0,0,0,69.16,71.7,62.05
a20,4139.0,6935.0,5139.0,0,0,0,1.37,1.12,0.78
a21,2206.0,6113.0,5051.0,0,0,0,5.17,3.27,0.85
a22,1573.0,6127.0,5121.0,0,0,0,10.35,5.9,0.91
b1,3069.0,5047.0,3863.0,0,0,0,3.35,2.93,1.63
b2,2717.0,5693.0,4560.0,0,0,0,3.98,2.94,1.07
b3,2418.0,6247.0,5157.0,0,0,0,4.71,3.09,0.74
b4,2335.0,6424.0,5344.0,0,0,0,5.08,3.21,0.69
b5,1672.0,3059.0,2381.0,0,0,0,12.86,11.1,5.86
b6,1463.0,3661.0,2997.0,0,0,0,14.66,11.01,3.94
b7,1298.0,4529.0,3914.0,0,0,0,16.97,10.94,2.28
b8,1230.0,5741.0,4969.0,0,0,0,19.7,11.01,1.2
b9,1103.0,1224.0,1063.0,0,0,0,40.39,40.01,29.68
b10,1016.0,1277.0,1141.0,0,0,0,42.59,40.11,26.44
b11,956.0,1339.0,1229.0,0,0,0,44.29,39.94,23.52
b12,905.0,1392.0,1302.0,0,0,0,45.98,39.89,21.17
b13,942.0,736.0,618.0,0,0,0,65.55,71.21,61.79
b14,858.0,790.0,638.0,0,0,0,68.8,67.99,60.07
b15,856.0,767.0,721.0,0,0,0,71.26,74.48,51.88
b16,951.0,851.0,716.0,0,0,0,57.82,60.0,49.14
b17,863.0,839.0,728.0,0,0,0,65.61,64.93,49.68
b18,938.0,773.0,711.0,0,0,0,62.84,68.83,51.29
b19,933.0,787.0,606.0,0,0,0,60.77,62.73,59.44
b20,3051.0,6511.0,5233.0,0,0,0,2.87,2.06,0.8
b21,1719.0,6248.0,5218.0,0,0,0,8.37,4.88,0.88
b22,1073.0,1900.0,1676.0,0,0,0,29.02,24.67,11.91
c1,2824.0,4291.0,3469.0,0,0,0,4.49,4.31,2.29
c2,2649.0,4783.0,4346.0,0,0,0,4.9,4.37,1.42
c3,2544.0,5293.0,5361.0,0,0,0,5.13,4.3,0.82
c4,2453.0,5257.0,5503.0,0,0,0,5.7,4.77,0.85
c5,1312.0,1925.0,1833.0,0,0,0,23.78,22.59,10.89
c6,1213.0,2406.0,2979.0,0,0,0,25.55,22.41,5.5
c7,1166.0,3155.0,4954.0,0,0,0,27.72,22.42,2.39
c8,1195.0,3731.0,6408.0,0,0,0,28.7,22.23,1.28
c9,1026.0,1094.0,1011.0,0,0,0,46.89,47.28,32.4
c10,972.0,1161.0,1180.0,0,0,0,48.17,47.13,26.63
c11,927.0,1232.0,1364.0,0,0,0,49.81,47.42,21.58
c12,903.0,1306.0,1541.0,0,0,0,50.47,46.85,18.1
c13,1040.0,752.0,614.0,0,0,0,58.24,65.94,60.94
c14,865.0,860.0,648.0,0,0,0,64.18,60.73,57.45
c15,862.0,818.0,842.0,0,0,0,68.73,71.96,42.7
c16,1051.0,990.0,829.0,0,0,0,45.88,47.73,38.75
c17,867.0,966.0,842.0,0,0,0,58.66,55.64,39.4
c18,1035.0,837.0,820.0,0,0,0,53.28,61.12,41.61
c19,1032.0,866.0,609.0,0,0,0,50.72,52.04,56.28
c20,3976.0,6905.0,5434.0,0,0,0,1.7,1.45,0.76
c21,1140.0,2989.0,2893.0,0,0,0,22.87,17.19,4.72
c22,1032.0,1489.0,1341.0,0,0,0,34.53,31.48,17.4
d1,3042.0,4264.0,3559.0,0,0,0,4.16,4.32,2.27
d2,3056.0,4553.0,4374.0,0,0,0,4.07,4.26,1.47
d3,3101.0,4930.0,5398.0,0,0,0,4.08,4.3,0.89
d4,2956.0,4829.0,5568.0,0,0,0,4.69,4.91,0.92
d5,1311.0,1577.0,1594.0,0,0,0,26.68,27.74,13.94
d6,1318.0,1876.0,2557.0,0,0,0,26.33,27.41,7.43
d7,1381.0,2457.0,4496.0,0,0,0,26.1,27.43,3.6
d8,1502.0,3221.0,6941.0,0,0,0,25.91,27.31,1.65
d9,982.0,956.0,905.0,0,0,0,53.02,55.12,37.61
d10,964.0,1007.0,1076.0,0,0,0,52.96,55.14,30.47
d11,961.0,1070.0,1279.0,0,0,0,52.49,54.62,24.44
d12,981.0,1368.0,2254.0,0,0,0,52.17,54.65,11.69
d13,1159.0,777.0,614.0,0,0,0,51.28,60.55,59.94
d14,870.0,956.0,654.0,0,0,0,58.99,52.82,54.44
d15,862.0,877.0,994.0,0,0,0,66.07,69.08,34.69
d16,1189.0,1189.0,979.0,0,0,0,35.35,36.71,29.94
d17,880.0,1153.0,1011.0,0,0,0,51.68,46.54,30.64
d18,1158.0,919.0,957.0,0,0,0,44.32,53.48,33.27
d19,1152.0,972.0,612.0,0,0,0,41.16,41.63,52.5
d20,1452.0,3953.0,3785.0,0,0,0,13.96,10.52,2.72
d21,1333.0,1855.0,1639.0,0,0,0,21.28,20.6,11.58
d22,995.0,1291.0,1226.0,0,0,0,38.28,36.52,19.91
e1,3334.0,4222.0,3540.0,0,0,0,3.71,4.2,2.3
e2,3610.0,4472.0,4455.0,0,0,0,3.39,4.21,1.48
e3,3878.0,4753.0,5383.0,0,0,0,3.12,4.17,0.94
e4,3842.0,4695.0,5664.0,0,0,0,3.34,4.54,0.97
e5,1993.0,2295.0,2149.0,0,0,0,12.46,14.03,7.52
e6,2187.0,2548.0,3229.0,0,0,0,11.51,14.17,4.54
e7,2504.0,2975.0,4881.0,0,0,0,10.28,14.01,2.58
e8,2904.0,3528.0,6706.0,0,0,0,9.41,13.94,1.45
e9,1194.0,1177.0,1099.0,0,0,0,37.32,40.04,27.82
e10,1211.0,1194.0,1241.0,0,0,0,36.12,40.08,23.52
e11,1268.0,1258.0,1460.0,0,0,0,34.48,39.54,19.51
e12,1425.0,1459.0,2212.0,0,0,0,31.25,39.49,11.51
e13,1304.0,804.0,607.0,0,0,0,44.56,54.93,58.76
e14,878.0,1088.0,670.0,0,0,0,53.83,45.36,51.25
e15,870.0,958.0,1202.0,0,0,0,63.56,66.14,27.3
e16,1354.0,1443.0,1160.0,0,0,0,26.43,27.39,22.31
e17,894.0,1398.0,1199.0,0,0,0,45.25,38.47,22.96
e18,1305.0,1013.0,1126.0,0,0,0,36.26,46.15,25.81
e19,1304.0,1110.0,616.0,0,0,0,32.7,32.33,48.49
e20,1165.0,4356.0,5861.0,0,0,0,24.1,16.56,1.28
e21,1376.0,3455.0,4213.0,0,0,0,16.87,13.84,2.61
e22,1061.0,2026.0,2232.0,0,0,0,29.42,25.29,8.09
f1,4895.0,5789.0,4370.0,0,0,0,1.44,1.82,1.33
f2,5444.0,5884.0,4832.0,0,0,0,1.14,1.81,1.11
f3,5731.0,5891.0,5216.0,0,0,0,0.96,1.86,0.95
f4,5802.0,5802.0,5356.0,0,0,0,1.04,2.07,1.04
f5,2961.0,2914.0,2359.0,0,0,0,6.56,8.17,5.7
f6,3725.0,2924.0,2745.0,0,0,0,5.29,8.1,4.88
f7,4661.0,3024.0,3240.0,0,0,0,4.12,7.88,4.01
f8,5433.0,3291.0,4165.0,0,0,0,3.17,7.93,3.15
f9,1238.0,1149.0,1019.0,0,0,0,36.82,39.95,31.21
f10,1294.0,1121.0,1015.0,0,0,0,35.06,39.82,30.35
f11,1379.0,1129.0,1079.0,0,0,0,33.34,39.72,28.68
f12,1644.0,1120.0,1170.0,0,0,0,28.72,39.6,25.54
f13,1499.0,843.0,603.0,0,0,0,37.91,49.0,57.14
f14,891.0,1260.0,693.0,0,0,0,48.68,38.42,47.78
f15,875.0,1057.0,1460.0,0,0,0,61.43,63.43,21.2
f16,1579.0,1766.0,1374.0,0,0,0,19.07,19.84,16.29
f17,909.0,1714.0,1436.0,0,0,0,39.69,31.74,17.01
f18,1518.0,1151.0,1356.0,0,0,0,29.06,39.29,19.71
f19,1530.0,1291.0,629.0,0,0,0,25.36,24.37,44.23
f20,1218.0,1784.0,1757.0,0,0,0,25.51,24.4,11.61
f21,1029.0,1711.0,1929.0,0,0,0,32.92,29.82,10.41
f22,976.0,1400.0,1458.0,0,0,0,37.76,35.31,15.44
g1,4429.0,4630.0,3283.0,0,0,0,2.24,2.84,2.62
g2,5175.0,4503.0,3204.0,0,0,0,1.8,2.81,2.81
g3,5572.0,4327.0,3095.0,0,0,0,1.51,2.88,3.06
g4,5615.0,4237.0,3099.0,0,0,0,1.63,3.14,3.31
g5,2610.0,2320.0,1708.0,0,0,0,9.02,11.02,9.72
g6,3312.0,2220.0,1661.0,0,0,0,7.51,10.82,10.37
g7,4236.0,2152.0,1592.0,0,0,0,6.21,10.78,10.87
g8,5087.0,2166.0,1595.0,0,0,0,4.84,10.54,11.46
g9,1242.0,1113.0,947.0,0,0,0,36.78,40.1,33.33
g10,1341.0,1091.0,931.0,0,0,0,34.81,40.06,34.24
g11,1435.0,1068.0,906.0,0,0,0,32.74,39.52,34.75
g12,1798.0,1015.0,845.0,0,0,0,28.17,39.67,37.32
g13,1734.0,885.0,599.0,0,0,0,32.34,43.69,55.43
g14,910.0,1498.0,719.0,0,0,0,43.33,31.66,43.84
g15,882.0,1173.0,1784.0,0,0,0,59.44,60.7,15.78
g16,1859.0,2207.0,1627.0,0,0,0,13.19,13.68,11.25
g17,936.0,2170.0,1737.0,0,0,0,34.42,25.62,11.79
g18,1768.0,1313.0,1647.0,0,0,0,22.98,33.15,14.47
g19,1813.0,1532.0,650.0,0,0,0,19.22,17.59,39.78
g20,1033.0,1445.0,1598.0,0,0,0,35.48,34.29,14.35
g21,1051.0,1678.0,2216.0,0,0,0,33.68,32.18,9.03
g22,1034.0,2617.0,5742.0,0,0,0,44.97,41.42,2.73
h1,4228.0,4497.0,2878.0,0,0,0,2.48,2.9,3.3
h2,4939.0,4275.0,2468.0,0,0,0,2.18,2.89,4.31
h3,5448.0,4025.0,2098.0,0,0,0,1.91,2.82,5.47
h4,5540.0,3794.0,1957.0,0,0,0,2.07,3.18,6.44
h5,2484.0,2289.0,1485.0,0,0,0,9.54,10.9,11.81
h6,3107.0,2102.0,1253.0,0,0,0,8.56,10.92,15.18
h7,4008.0,1995.0,1074.0,0,0,0,7.56,10.8,18.87
h8,4925.0,1940.0,931.0,0,0,0,6.47,10.48,23.24
h9,1235.0,1092.0,874.0,0,0,0,37.1,39.87,36.01
h10,1301.0,1054.0,811.0,0,0,0,35.94,39.86,39.41
h11,1395.0,1019.0,752.0,0,0,0,34.77,40.11,43.54
h12,1718.0,957.0,624.0,0,0,0,31.37,39.86,53.6
h13,2022.0,934.0,588.0,0,0,0,27.4,38.66,53.54
h14,933.0,1835.0,760.0,0,0,0,38.54,25.97,40.04
h15,891.0,1325.0,2225.0,0,0,0,57.65,58.09,11.55
h16,2253.0,2804.0,1953.0,0,0,0,8.79,9.09,7.52
h17,968.0,2766.0,2100.0,0,0,0,30.0,20.76,7.97
h18,2115.0,1529.0,2056.0,0,0,0,17.94,27.73,10.39
h19,2201.0,1838.0,663.0,0,0,0,14.43,12.32,35.59
h20,1001.0,1298.0,1587.0,0,0,0,40.11,40.56,15.11
h21,1174.0,1296.0,1173.0,0,0,0,30.41,31.53,20.14
h22,1135.0,1418.0,1955.0,0,0,0,34.18,37.07,11.1
i1,3310.0,3741.0,2076.0,0,0,0,4.16,4.25,5.57
i2,3659.0,3508.0,1605.0,0,0,0,4.22,4.26,8.42
i3,4146.0,3287.0,1299.0,0,0,0,4.25,4.23,11.7
i4,5205.0,2936.0,957.0,0,0,0,4.3,4.22,18.88
i5,1881.0,2025.0,1314.0,0,0,0,13.9,14.27,15.06
i6,1996.0,1932.0,1104.0,0,0,0,13.87,14.18,19.13
i7,2109.0,1873.0,975.0,0,0,0,14.09,14.3,23.57
i8,2673.0,1650.0,682.0,0,0,0,14.17,14.28,37.97
i9,1169.0,1116.0,879.0,0,0,0,38.44,39.68,35.7
i10,1175.0,1081.0,808.0,0,0,0,38.68,39.92,39.37
i11,1191.0,1059.0,747.0,0,0,0,38.82,39.95,43.1
i12,1230.0,1010.0,639.0,0,0,0,39.39,40.48,52.11
i13,2397.0,992.0,579.0,0,0,0,22.98,33.84,51.3
i14,958.0,2259.0,791.0,0,0,0,33.71,20.65,35.93
i15,909.0,1537.0,2858.0,0,0,0,55.88,55.42,8.16
i16,2797.0,3602.0,2428.0,0,0,0,5.48,5.63,4.71
i17,1016.0,3593.0,2649.0,0,0,0,25.84,16.48,5.07
i18,2551.0,1800.0,2619.0,0,0,0,13.69,22.84,7.12
i19,2753.0,2279.0,700.0,0,0,0,10.53,8.11,31.26
i20,1047.0,1206.0,1588.0,0,0,0,40.46,44.14,15.57
i21,2261.0,2603.0,3917.0,0,0,0,10.6,14.14,3.33
i22,1423.0,1180.0,1356.0,0,0,0,27.73,35.54,16.85
j1,4109.0,5302.0,2960.0,0,0,0,2.03,1.81,2.98
j2,4088.0,5031.0,2242.0,0,0,0,2.43,1.89,4.86
j3,4299.0,4677.0,1701.0,0,0,0,2.75,1.86,7.76
j4,5385.0,3870.0,1017.0,0,0,0,3.89,1.92,19.02
j5,1993.0,2451.0,1482.0,0,0,0,11.37,11.02,11.93
j6,1948.0,2401.0,1243.0,0,0,0,12.09,11.01,15.55
j7,1934.0,2346.0,1050.0,0,0,0,13.09,11.24,20.23
j8,1945.0,2209.0,754.0,0,0,0,15.11,11.12,33.57
j9,1140.0,1112.0,867.0,0,0,0,39.41,40.08,36.29
j10,1116.0,1102.0,813.0,0,0,0,40.38,40.15,39.28
j11,1098.0,1079.0,739.0,0,0,0,41.5,40.42,43.68
j12,1090.0,1060.0,648.0,0,0,0,43.0,40.44,51.03
j13,2877.0,1068.0,571.0,0,0,0,19.05,29.21,48.71
j14,991.0,2792.0,841.0,0,0,0,29.51,16.47,32.13
j15,944.0,1915.0,3991.0,0,0,0,54.05,52.52,5.29
j16,3560.0,4763.0,3391.0,0,0,0,3.1,3.21,2.66
j17,1097.0,4702.0,3615.0,0,0,0,22.32,13.18,2.86
j18,3163.0,2264.0,3638.0,0,0,0,10.1,18.32,4.5
j19,3562.0,2783.0,750.0,0,0,0,7.58,5.05,27.03
j20,1395.0,1077.0,1114.0,0,0,0,29.46,37.68,22.04
j21,4361.0,3663.0,5596.0,0,0,0,4.0,7.61,1.46
j22,5305.0,5847.0,5357.0,0,0,0,1.27,2.04,0.96
k1,2660.0,4029.0,2231.0,0,0,0,5.15,4.32,5.09
k2,2291.0,4178.0,1813.0,0,0,0,6.39,4.32,7.23
k3,1978.0,4308.0,1555.0,0,0,0,7.75,4.37,9.62
k4,1846.0,4447.0,1462.0,0,0,0,8.62,4.45,11.15
k5,1630.0,2210.0,1349.0,0,0,0,15.56,14.22,14.49
k6,1462.0,2324.0,1169.0,0,0,0,17.79,14.33,18.03
k7,1331.0,2449.0,1027.0,0,0,0,20.02,14.38,21.96
k8,1123.0,2798.0,845.0,0,0,0,25.52,14.48,31.69
k9,1093.0,1126.0,861.0,0,0,0,40.84,40.34,36.15
k10,1032.0,1137.0,813.0,0,0,0,42.98,40.37,39.23
k11,996.0,1159.0,759.0,0,0,0,44.92,40.27,42.42
k12,914.0,1187.0,669.0,0,0,0,48.93,40.18,48.91
k13,3465.0,1174.0,568.0,0,0,0,15.44,24.54,45.44
k14,1043.0,3436.0,922.0,0,0,0,25.29,12.75,27.93
k15,1004.0,2458.0,5608.0,0,0,0,52.06,49.38,3.26
k16,4730.0,6525.0,4628.0,0,0,0,1.54,1.61,1.35
k17,1206.0,6057.0,4786.0,0,0,0,18.93,10.33,1.47
k18,4009.0,2918.0,5056.0,0,0,0,6.97,13.97,2.67
k19,4624.0,3387.0,834.0,0,0,0,5.37,2.89,22.62
k20,4397.0,4812.0,3993.0,0,0,0,2.28,3.02,1.91
k21,5237.0,5895.0,4346.0,0,0,0,1.26,1.72,1.49
k22,5090.0,5059.0,3122.0,0,0,0,1.62,2.1,2.79
l1,3006.0,5001.0,3286.0,0,0,0,3.58,2.92,2.64
l2,2546.0,5310.0,3108.0,0,0,0,4.48,2.96,2.93
l3,2197.0,5529.0,2931.0,0,0,0,5.39,3.12,3.23
l4,2106.0,5538.0,2850.0,0,0,0,5.95,3.4,3.57
l5,1686.0,2768.0,1690.0,0,0,0,12.96,11.08,9.97
l6,1425.0,3176.0,1618.0,0,0,0,15.38,10.99,10.69
l7,1239.0,3678.0,1542.0,0,0,0,18.18,11.02,11.56
l8,1119.0,4375.0,1518.0,0,0,0,21.16,10.96,12.58
l9,1069.0,1150.0,906.0,0,0,0,40.94,39.99,33.66
l10,1001.0,1185.0,891.0,0,0,0,43.02,39.82,34.15
l11,943.0,1216.0,863.0,0,0,0,45.36,39.98,35.08
l12,882.0,1237.0,831.0,0,0,0,48.06,40.19,35.97
l13,4125.0,1328.0,585.0,0,0,0,12.12,19.77,41.27
l14,1104.0,4036.0,1027.0,0,0,0,21.34,9.74,23.64
l15,1091.0,3088.0,7411.0,0,0,0,48.52,44.71,1.86
l16,5813.0,8294.0,6226.0,0,0,0,0.63,0.68,0.6
l17,1348.0,7480.0,6054.0,0,0,0,15.51,7.82,0.67
l18,5019.0,3745.0,6617.0,0,0,0,4.37,9.78,1.44
l19,5443.0,4111.0,998.0,0,0,0,3.85,1.6,18.27
l20,5629.0,7657.0,5429.0,0,0,0,0.71,0.78,0.82
l21,5171.0,7311.0,4976.0,0,0,0,0.96,0.93,1.01
l22,3812.0,6452.0,4385.0,0,0,0,1.94,1.57,1.38
gs0,835.0,698.0,576.0,0,0,0,74.72,77.75,63.04
gs1,881.0,768.0,633.0,0,0,0,65.56,67.88,55.45
gs2,927.0,829.0,685.0,0,0,0,58.77,60.99,49.71
gs3,971.0,891.0,726.0,0,0,0,52.06,53.98,44.05
gs4,1031.0,972.0,792.0,0,0,0,45.81,47.44,38.7
gs5,1111.0,1072.0,867.0,0,0,0,39.71,41.23,33.59
gs6,1183.0,1175.0,949.0,0,0,0,34.84,36.16,29.36
gs7,1276.0,1305.0,1048.0,0,0,0,30.03,31.18,25.42
gs8,1385.0,1457.0,1165.0,0,0,0,25.6,26.6,21.81
gs9,1495.0,1643.0,1289.0,0,0,0,21.49,22.27,18.18
gs10,1632.0,1848.0,1432.0,0,0,0,18.22,18.88,15.51
gs11,1766.0,2088.0,1573.0,0,0,0,15.15,15.65,12.67
gs12,1922.0,2314.0,1697.0,0,0,0,12.54,12.98,10.68
gs13,2129.0,2630.0,1851.0,0,0,0,10.08,10.41,8.63
gs14,2361.0,2978.0,2052.0,0,0,0,8.0,8.24,6.87
gs15,2678.0,3408.0,2355.0,0,0,0,6.21,6.42,5.29
gs16,3066.0,3996.0,2788.0,0,0,0,4.68,4.81,4.05
gs17,3475.0,4585.0,3243.0,0,0,0,3.52,3.65,3.03
gs18,3933.0,5258.0,3732.0,0,0,0,2.57,2.68,2.23
gs19,4484.0,6108.0,4344.0,0,0,0,1.75,1.84,1.54
gs20,4965.0,6911.0,4945.0,0,0,0,1.17,1.22,1.07
gs21,5180.0,7248.0,5233.0,0,0,0,0.95,1.0,0.87
gs22,5357.0,7515.0,5516.0,0,0,0,0.75,0.8,0.7
gs23,5674.0,7750.0,5670.0,0,0,0,0.43,0.52,0.56
