patch,r,g,b,refR,refG,refB,refX,refY,refZ
a1,3286.0,5190.0,3907.0,0,0,0,3.6,3.01,2.05
a2,2897.0,5270.0,4007.0,0,0,0,4.42,2.97,1.76
a3,2618.0,5389.0,4240.0,0,0,0,5.12,3.01,1.46
a4,2532.0,5375.0,4241.0,0,0,0,5.65,3.26,1.6
a5,2064.0,3567.0,2537.0,0,0,0,12.71,10.97,7.93
a6,1744.0,3809.0,2696.0,0,0,0,15.07,11.1,6.97
a7,1522.0,4125.0,2886.0,0,0,0,17.42,11.1,6.06
a8,1305.0,4462.0,3077.0,0,0,0,20.36,11.07,5.12
a9,1242.0,1765.0,1262.0,0,0,0,40.62,39.94,31.49
a10,1155.0,1825.0,1282.0,0,0,0,42.88,40.04,30.47
a11,1094.0,1927.0,1338.0,0,0,0,45.09,40.03,29.12
a12,1040.0,2006.0,1364.0,0,0,0,46.77,39.85,28.06
a13,991.0,1127.0,877.0,0,0,0,71.78,75.46,63.09
a14,961.0,1158.0,882.0,0,0,0,71.91,73.14,62.17
a15,953.0,1112.0,879.0,0,0,0,74.11,76.98,63.06
a16,958.0,1125.0,863.0,0,0,0,72.73,75.12,62.6
a17,949.0,1108.0,868.0,0,0,0,74.05,76.81,62.33
a18,950.0,1108.0,870.0,0,0,0,74.16,77.19,62.97
a19,996.0,1150.0,858.0,0,0,0,69.16,71.7,62.05
a20,3915.0,6008.0,5089.0,0,0,0,1.37,1.12,0.78
a21,2651.0,5530.0,4917.0,0,0,0,5.17,3.27,0.85
a22,1907.0,5234.0,4832.0,0,0,0,10.35,5.9,0.91
b1,3369.0,5305.0,4179.0,0,0,0,3.35,2.93,1.63
b2,3097.0,5509.0,4590.0,0,0,0,3.98,2.94,1.07
b3,2834.0,5672.0,4920.0,0,0,0,4.71,3.09,0.74
b4,2733.0,5727.0,5101.0,0,0,0,5.08,3.21,0.69
b5,2025.0,3770.0,3020.0,0,0,0,12.86,11.1,5.86
b6,1775.0,4149.0,3499.0,0,0,0,14.66,11.01,3.94
b7,1560.0,4650.0,4118.0,0,0,0,16.97,10.94,2.28
b8,1382.0,5082.0,4685.0,0,0,0,19.7,11.01,1.2
b9,1249.0,1776.0,1320.0,0,0,0,40.39,40.01,29.68
b10,1160.0,1879.0,1437.0,0,0,0,42.59,40.11,26.44
b11,1097.0,1988.0,1556.0,0,0,0,44.29,39.94,23.52
b12,1044.0,2092.0,1669.0,0,0,0,45.98,39.89,21.17
b13,1071.0,1134.0,870.0,0,0,0,65.55,71.21,61.79
b14,958.0,1218.0,882.0,0,0,0,68.8,67.99,60.07
b15,957.0,1165.0,1000.0,0,0,0,71.26,74.48,51.88
b16,1075.0,1301.0,976.0,0,0,0,57.82,60.0,49.14
b17,961.0,1284.0,980.0,0,0,0,65.61,64.93,49.68
b18,1061.0,1171.0,975.0,0,0,0,62.84,68.83,51.29
b19,1068.0,1222.0,848.0,0,0,0,60.77,62.73,59.44
b20,3463.0,5891.0,5140.0,0,0,0,2.87,2.06,0.8
b21,2101.0,5342.0,4933.0,0,0,0,8.37,4.88,0.88
b22,1280.0,2647.0,2168.0,0,0,0,29.02,24.67,11.91
c1,3209.0,4924.0,3873.0,0,0,0,4.49,4.31,2.29
c2,3067.0,5202.0,4413.0,0,0,0,4.9,4.37,1.42
c3,2977.0,5507.0,5036.0,0,0,0,5.13,4.3,0.82
c4,2881.0,5489.0,5116.0,0,0,0,5.7,4.77,0.85
c5,1540.0,2639.0,2336.0,0,0,0,23.78,22.59,10.89
c6,1413.0,3120.0,3374.0,0,0,0,25.55,22.41,5.5
c7,1335.0,3631.0,4458.0,0,0,0,27.72,22.42,2.39
c8,1331.0,3930.0,5085.0,0,0,0,28.7,22.23,1.28
c9,1162.0,1615.0,1281.0,0,0,0,46.89,47.28,32.4
c10,1105.0,1715.0,1489.0,0,0,0,48.17,47.13,26.63
c11,1063.0,1848.0,1746.0,0,0,0,49.81,47.42,21.58
c12,1036.0,1972.0,1984.0,0,0,0,50.47,46.85,18.1
c13,1194.0,1150.0,856.0,0,0,0,58.24,65.94,60.94
c14,969.0,1323.0,874.0,0,0,0,64.18,60.73,57.45
c15,967.0,1237.0,1142.0,0,0,0,68.73,71.96,42.7
c16,1209.0,1501.0,1097.0,0,0,0,45.88,47.73,38.75
c17,972.0,1474.0,1109.0,0,0,0,58.66,55.64,39.4
c18,1189.0,1260.0,1108.0,0,0,0,53.28,61.12,41.61
c19,1200.0,1346.0,845.0,0,0,0,50.72,52.04,56.28
c20,3897.0,6113.0,5375.0,0,0,0,1.7,1.45,0.76
c21,1379.0,3634.0,3405.0,0,0,0,22.87,17.19,4.72
c22,1215.0,2190.0,1737.0,0,0,0,34.53,31.48,17.4
d1,3388.0,4954.0,3951.0,0,0,0,4.16,4.32,2.27
d2,3430.0,5219.0,4500.0,0,0,0,4.07,4.26,1.47
d3,3474.0,5460.0,5069.0,0,0,0,4.08,4.3,0.89
d4,3371.0,5406.0,5171.0,0,0,0,4.69,4.91,0.92
d5,1534.0,2239.0,2040.0,0,0,0,26.68,27.74,13.94
d6,1530.0,2578.0,3046.0,0,0,0,26.33,27.41,7.43
d7,1590.0,2964.0,4261.0,0,0,0,26.1,27.43,3.6
d8,1680.0,3287.0,5293.0,0,0,0,25.91,27.31,1.65
d9,1116.0,1434.0,1185.0,0,0,0,53.02,55.12,37.61
d10,1097.0,1497.0,1394.0,0,0,0,52.96,55.14,30.47
d11,1097.0,1594.0,1632.0,0,0,0,52.49,54.62,24.44
d12,1124.0,1985.0,2886.0,0,0,0,52.17,54.65,11.69
d13,1343.0,1179.0,851.0,0,0,0,51.28,60.55,59.94
d14,982.0,1471.0,885.0,0,0,0,58.99,52.82,54.44
d15,968.0,1307.0,1309.0,0,0,0,66.07,69.08,34.69
d16,1378.0,1752.0,1239.0,0,0,0,35.35,36.71,29.94
d17,990.0,1716.0,1264.0,0,0,0,51.68,46.54,30.64
d18,1340.0,1351.0,1247.0,0,0,0,44.32,53.48,33.27
d19,1357.0,1490.0,836.0,0,0,0,41.16,41.63,52.5
d20,1820.0,4375.0,3992.0,0,0,0,13.96,10.52,2.72
d21,1622.0,2604.0,2155.0,0,0,0,21.28,20.6,11.58
d22,1170.0,1940.0,1604.0,0,0,0,38.28,36.52,19.91
e1,3579.0,4970.0,3961.0,0,0,0,3.71,4.2,2.3
e2,3722.0,5201.0,4561.0,0,0,0,3.39,4.21,1.48
e3,3850.0,5429.0,5152.0,0,0,0,3.12,4.17,0.94
e4,3863.0,5402.0,5296.0,0,0,0,3.34,4.54,0.97
e5,2378.0,3128.0,2756.0,0,0,0,12.46,14.03,7.52
e6,2581.0,3374.0,3616.0,0,0,0,11.51,14.17,4.54
e7,2928.0,3637.0,4511.0,0,0,0,10.28,14.01,2.58
e8,3278.0,3873.0,5394.0,0,0,0,9.41,13.94,1.45
e9,1383.0,1731.0,1394.0,0,0,0,37.32,40.04,27.82
e10,1421.0,1772.0,1598.0,0,0,0,36.12,40.08,23.52
e11,1485.0,1846.0,1856.0,0,0,0,34.48,39.54,19.51
e12,1681.0,2081.0,2786.0,0,0,0,31.25,39.49,11.51
e13,1534.0,1214.0,847.0,0,0,0,44.56,54.93,58.76
e14,999.0,1661.0,902.0,0,0,0,53.83,45.36,51.25
e15,976.0,1413.0,1550.0,0,0,0,63.56,66.14,27.3
e16,1601.0,2072.0,1440.0,0,0,0,26.43,27.39,22.31
e17,1015.0,2038.0,1486.0,0,0,0,45.25,38.47,22.96
e18,1534.0,1482.0,1461.0,0,0,0,36.26,46.15,25.81
e19,1568.0,1685.0,846.0,0,0,0,32.7,32.33,48.49
e20,1354.0,4493.0,4993.0,0,0,0,24.1,16.56,1.28
e21,1688.0,3955.0,4135.0,0,0,0,16.87,13.84,2.61
e22,1267.0,2801.0,2764.0,0,0,0,29.42,25.29,8.09
f1,3974.0,5670.0,4606.0,0,0,0,1.44,1.82,1.33
f2,4064.0,5770.0,4866.0,0,0,0,1.14,1.81,1.11
f3,4117.0,5879.0,5141.0,0,0,0,0.96,1.86,0.95
f4,4155.0,5899.0,5220.0,0,0,0,1.04,2.07,1.04
f5,3381.0,3954.0,3118.0,0,0,0,6.56,8.17,5.7
f6,3746.0,3969.0,3434.0,0,0,0,5.29,8.1,4.88
f7,3958.0,4059.0,3840.0,0,0,0,4.12,7.88,4.01
f8,4082.0,4145.0,4348.0,0,0,0,3.17,7.93,3.15
f9,1431.0,1680.0,1281.0,0,0,0,36.82,39.95,31.21
f10,1525.0,1659.0,1309.0,0,0,0,35.06,39.82,30.35
f11,1621.0,1662.0,1364.0,0,0,0,33.34,39.72,28.68
f12,1963.0,1642.0,1513.0,0,0,0,28.72,39.6,25.54
f13,1789.0,1265.0,840.0,0,0,0,37.91,49.0,57.14
f14,1024.0,1887.0,928.0,0,0,0,48.68,38.42,47.78
f15,990.0,1551.0,1879.0,0,0,0,61.43,63.43,21.2
f16,1888.0,2456.0,1725.0,0,0,0,19.07,19.84,16.29
f17,1048.0,2409.0,1786.0,0,0,0,39.69,31.74,17.01
f18,1803.0,1670.0,1738.0,0,0,0,29.06,39.29,19.71
f19,1865.0,1926.0,870.0,0,0,0,25.36,24.37,44.23
f20,1484.0,2561.0,2293.0,0,0,0,25.51,24.4,11.61
f21,1220.0,2475.0,2470.0,0,0,0,32.92,29.82,10.41
f22,1155.0,2099.0,1909.0,0,0,0,37.76,35.31,15.44
g1,3882.0,5180.0,3841.0,0,0,0,2.24,2.84,2.62
g2,4001.0,5168.0,3817.0,0,0,0,1.8,2.81,2.81
g3,4058.0,5149.0,3812.0,0,0,0,1.51,2.88,3.06
g4,4087.0,5107.0,3817.0,0,0,0,1.63,3.14,3.31
g5,3075.0,3257.0,2358.0,0,0,0,9.02,11.02,9.72
g6,3536.0,3162.0,2311.0,0,0,0,7.51,10.82,10.37
g7,3823.0,3093.0,2302.0,0,0,0,6.21,10.78,10.87
g8,3953.0,3066.0,2297.0,0,0,0,4.84,10.54,11.46
g9,1449.0,1645.0,1217.0,0,0,0,36.78,40.1,33.33
g10,1580.0,1613.0,1202.0,0,0,0,34.81,40.06,34.24
g11,1710.0,1589.0,1183.0,0,0,0,32.74,39.52,34.75
g12,2159.0,1501.0,1123.0,0,0,0,28.17,39.67,37.32
g13,2068.0,1320.0,831.0,0,0,0,32.34,43.69,55.43
g14,1049.0,2143.0,952.0,0,0,0,43.33,31.66,43.84
g15,999.0,1718.0,2300.0,0,0,0,59.44,60.7,15.78
g16,2255.0,3000.0,2136.0,0,0,0,13.19,13.68,11.25
g17,1085.0,2858.0,2192.0,0,0,0,34.42,25.62,11.79
g18,2104.0,1895.0,2111.0,0,0,0,22.98,33.15,14.47
g19,2233.0,2217.0,898.0,0,0,0,19.22,17.59,39.78
g20,1241.0,2170.0,2088.0,0,0,0,35.48,34.29,14.35
g21,1249.0,2427.0,2752.0,0,0,0,33.68,32.18,9.03
g22,1133.0,2901.0,4829.0,0,0,0,44.97,41.42,2.73
h1,3849.0,5068.0,3545.0,0,0,0,2.48,2.9,3.3
h2,3970.0,4977.0,3279.0,0,0,0,2.18,2.89,4.31
h3,4044.0,4912.0,3035.0,0,0,0,1.91,2.82,5.47
h4,4069.0,4789.0,2898.0,0,0,0,2.07,3.18,6.44
h5,2983.0,3200.0,2080.0,0,0,0,9.54,10.9,11.81
h6,3461.0,2998.0,1769.0,0,0,0,8.56,10.92,15.18
h7,3773.0,2837.0,1529.0,0,0,0,7.56,10.8,18.87
h8,3901.0,2725.0,1356.0,0,0,0,6.47,10.48,23.24
h9,1453.0,1632.0,1139.0,0,0,0,37.1,39.87,36.01
h10,1545.0,1593.0,1084.0,0,0,0,35.94,39.86,39.41
h11,1671.0,1538.0,1010.0,0,0,0,34.77,40.11,43.54
h12,2060.0,1430.0,855.0,0,0,0,31.37,39.86,53.6
h13,2429.0,1389.0,814.0,0,0,0,27.4,38.66,53.54
h14,1083.0,2426.0,985.0,0,0,0,38.54,25.97,40.04
h15,1017.0,1932.0,2851.0,0,0,0,57.65,58.09,11.55
h16,2749.0,3728.0,2659.0,0,0,0,8.79,9.09,7.52
h17,1134.0,3375.0,2681.0,0,0,0,30.0,20.76,7.97
h18,2500.0,2182.0,2620.0,0,0,0,17.94,27.73,10.39
h19,2736.0,2571.0,944.0,0,0,0,14.43,12.32,35.59
h20,1199.0,1978.0,2107.0,0,0,0,40.11,40.56,15.11
h21,1411.0,1926.0,1514.0,0,0,0,30.41,31.53,20.14
h22,1348.0,2089.0,2535.0,0,0,0,34.18,37.07,11.1
i1,3560.0,4549.0,2868.0,0,0,0,4.16,4.25,5.57
i2,3726.0,4342.0,2346.0,0,0,0,4.22,4.26,8.42
i3,3861.0,4164.0,1933.0,0,0,0,4.25,4.23,11.7
i4,3993.0,3842.0,1459.0,0,0,0,4.3,4.22,18.88
i5,2299.0,2805.0,1766.0,0,0,0,13.9,14.27,15.06
i6,2447.0,2732.0,1503.0,0,0,0,13.87,14.18,19.13
i7,2586.0,2641.0,1313.0,0,0,0,14.09,14.3,23.57
i8,3123.0,2369.0,949.0,0,0,0,14.17,14.28,37.97
i9,1375.0,1674.0,1146.0,0,0,0,38.44,39.68,35.7
i10,1393.0,1640.0,1075.0,0,0,0,38.68,39.92,39.37
i11,1421.0,1625.0,1019.0,0,0,0,38.82,39.95,43.1
i12,1469.0,1550.0,878.0,0,0,0,39.39,40.48,52.11
i13,2802.0,1456.0,809.0,0,0,0,22.98,33.84,51.3
i14,1124.0,2732.0,1034.0,0,0,0,33.71,20.65,35.93
i15,1038.0,2172.0,3495.0,0,0,0,55.88,55.42,8.16
i16,3278.0,4541.0,3188.0,0,0,0,5.48,5.63,4.71
i17,1194.0,3976.0,3218.0,0,0,0,25.84,16.48,5.07
i18,2949.0,2502.0,3194.0,0,0,0,13.69,22.84,7.12
i19,3282.0,3026.0,1018.0,0,0,0,10.53,8.11,31.26
i20,1261.0,1827.0,2108.0,0,0,0,40.46,44.14,15.57
i21,2718.0,3371.0,4012.0,0,0,0,10.6,14.14,3.33
i22,1709.0,1749.0,1797.0,0,0,0,27.73,35.54,16.85
j1,3836.0,5325.0,3665.0,0,0,0,2.03,1.81,2.98
j2,3842.0,5165.0,3055.0,0,0,0,2.43,1.89,4.86
j3,3899.0,4974.0,2488.0,0,0,0,2.75,1.86,7.76
j4,4014.0,4408.0,1467.0,0,0,0,3.89,1.92,19.02
j5,2453.0,3272.0,2039.0,0,0,0,11.37,11.02,11.93
j6,2424.0,3200.0,1730.0,0,0,0,12.09,11.01,15.55
j7,2414.0,3091.0,1459.0,0,0,0,13.09,11.24,20.23
j8,2431.0,2855.0,1050.0,0,0,0,15.11,11.12,33.57
j9,1342.0,1670.0,1128.0,0,0,0,39.41,40.08,36.29
j10,1320.0,1674.0,1080.0,0,0,0,40.38,40.15,39.28
j11,1314.0,1668.0,1009.0,0,0,0,41.5,40.42,43.68
j12,1284.0,1626.0,883.0,0,0,0,43.0,40.44,51.03
j13,3170.0,1543.0,802.0,0,0,0,19.05,29.21,48.71
j14,1180.0,3070.0,1109.0,0,0,0,29.51,16.47,32.13
j15,1071.0,2472.0,4267.0,0,0,0,54.05,52.52,5.29
j16,3723.0,5304.0,3968.0,0,0,0,3.1,3.21,2.66
j17,1277.0,4625.0,3929.0,0,0,0,22.32,13.18,2.86
j18,3416.0,2923.0,3906.0,0,0,0,10.1,18.32,4.5
j19,3696.0,3548.0,1113.0,0,0,0,7.58,5.05,27.03
j20,1713.0,1633.0,1498.0,0,0,0,29.46,37.68,22.04
j21,3897.0,4417.0,5120.0,0,0,0,4.0,7.61,1.46
j22,3999.0,5742.0,5143.0,0,0,0,1.27,2.04,0.96
k1,3108.0,4614.0,2944.0,0,0,0,5.15,4.32,5.09
k2,2753.0,4512.0,2499.0,0,0,0,6.39,4.32,7.23
k3,2432.0,4414.0,2140.0,0,0,0,7.75,4.37,9.62
k4,2284.0,4387.0,2006.0,0,0,0,8.62,4.45,11.15
k5,2006.0,2928.0,1797.0,0,0,0,15.56,14.22,14.49
k6,1814.0,2962.0,1567.0,0,0,0,17.79,14.33,18.03
k7,1652.0,2980.0,1381.0,0,0,0,20.02,14.38,21.96
k8,1351.0,3051.0,1103.0,0,0,0,25.52,14.48,31.69
k9,1280.0,1687.0,1120.0,0,0,0,40.84,40.34,36.15
k10,1216.0,1720.0,1069.0,0,0,0,42.98,40.37,39.23
k11,1169.0,1766.0,1016.0,0,0,0,44.92,40.27,42.42
k12,1070.0,1804.0,904.0,0,0,0,48.93,40.18,48.91
k13,3458.0,1674.0,824.0,0,0,0,15.44,24.54,45.44
k14,1243.0,3436.0,1197.0,0,0,0,25.29,12.75,27.93
k15,1110.0,2762.0,4952.0,0,0,0,52.06,49.38,3.26
k16,4015.0,5901.0,4833.0,0,0,0,1.54,1.61,1.35
k17,1375.0,5131.0,4664.0,0,0,0,18.93,10.33,1.47
k18,3809.0,3488.0,4748.0,0,0,0,6.97,13.97,2.67
k19,3934.0,4098.0,1265.0,0,0,0,5.37,2.89,22.62
k20,3931.0,5433.0,4437.0,0,0,0,2.28,3.02,1.91
k21,3989.0,5677.0,4604.0,0,0,0,1.26,1.72,1.49
k22,3912.0,5294.0,3785.0,0,0,0,1.62,2.1,2.79
l1,3392.0,5234.0,3824.0,0,0,0,3.58,2.92,2.64
l2,2997.0,5198.0,3675.0,0,0,0,4.48,2.96,2.93
l3,2662.0,5183.0,3581.0,0,0,0,5.39,3.12,3.23
l4,2577.0,5172.0,3538.0,0,0,0,5.95,3.4,3.57
l5,2092.0,3501.0,2286.0,0,0,0,12.96,11.08,9.97
l6,1783.0,3685.0,2192.0,0,0,0,15.38,10.99,10.69
l7,1523.0,3861.0,2076.0,0,0,0,18.18,11.02,11.56
l8,1308.0,4043.0,1976.0,0,0,0,21.16,10.96,12.58
l9,1250.0,1713.0,1164.0,0,0,0,40.94,39.99,33.66
l10,1171.0,1771.0,1147.0,0,0,0,43.02,39.82,34.15
l11,1108.0,1843.0,1130.0,0,0,0,45.36,39.98,35.08
l12,1044.0,1893.0,1107.0,0,0,0,48.06,40.19,35.97
l13,3639.0,1869.0,866.0,0,0,0,12.12,19.77,41.27
l14,1319.0,3747.0,1309.0,0,0,0,21.34,9.74,23.64
l15,1161.0,3072.0,5543.0,0,0,0,48.52,44.71,1.86
l16,4176.0,6338.0,5788.0,0,0,0,0.63,0.68,0.6
l17,1503.0,5459.0,5348.0,0,0,0,15.51,7.82,0.67
l18,4063.0,4227.0,5577.0,0,0,0,4.37,9.78,1.44
l19,4004.0,4504.0,1488.0,0,0,0,3.85,1.6,18.27
l20,4116.0,6160.0,5399.0,0,0,0,0.71,0.78,0.82
l21,4011.0,5976.0,5060.0,0,0,0,0.96,0.93,1.01
l22,3770.0,5720.0,4621.0,0,0,0,1.94,1.57,1.38
gs0,950.0,1053.0,807.0,0,0,0,74.72,77.75,63.04
gs1,1016.0,1164.0,873.0,0,0,0,65.56,67.88,55.45
gs2,1071.0,1247.0,929.0,0,0,0,58.77,60.99,49.71
gs3,1138.0,1365.0,996.0,0,0,0,52.06,53.98,44.05
gs4,1218.0,1486.0,1064.0,0,0,0,45.81,47.44,38.7
gs5,1317.0,1635.0,1171.0,0,0,0,39.71,41.23,33.59
gs6,1417.0,1786.0,1267.0,0,0,0,34.84,36.16,29.36
gs7,1530.0,1936.0,1364.0,0,0,0,30.03,31.18,25.42
gs8,1667.0,2089.0,1463.0,0,0,0,25.6,26.6,21.81
gs9,1824.0,2340.0,1652.0,0,0,0,21.49,22.27,18.18
gs10,1991.0,2558.0,1826.0,0,0,0,18.22,18.88,15.51
gs11,2174.0,2855.0,2041.0,0,0,0,15.15,15.65,12.67
gs12,2401.0,3172.0,2289.0,0,0,0,12.54,12.98,10.68
gs13,2662.0,3565.0,2549.0,0,0,0,10.08,10.41,8.63
gs14,2938.0,3978.0,2821.0,0,0,0,8.0,8.24,6.87
gs15,3226.0,4419.0,3180.0,0,0,0,6.21,6.42,5.29
gs16,3483.0,4840.0,3515.0,0,0,0,4.68,4.81,4.05
gs17,3691.0,5224.0,3911.0,0,0,0,3.52,3.65,3.03
gs18,3853.0,5514.0,4261.0,0,0,0,2.57,2.68,2.23
gs19,3967.0,5817.0,4724.0,0,0,0,1.75,1.84,1.54
gs20,4005.0,5971.0,5065.0,0,0,0,1.17,1.22,1.07
gs21,3987.0,5962.0,5141.0,0,0,0,0.95,1.0,0.87
gs22,3976.0,5964.0,5212.0,0,0,0,0.75,0.8,0.7
gs23,4014.0,6026.0,5353.0,0,0,0,0.43,0.52,0.56
