patch,r,g,b,refR,refG,refB,refX,refY,refZ
a1,12874.0,18409.0,13036.0,0,0,0,3.6,3.01,2.05
a2,11014.0,22477.0,14086.0,0,0,0,4.42,2.97,1.76
a3,10136.0,27187.0,15639.0,0,0,0,5.12,3.01,1.46
a4,9882.0,27428.0,15339.0,0,0,0,5.65,3.26,1.6
a5,8242.0,8749.0,6760.0,0,0,0,12.71,10.97,7.93
a6,7255.0,9790.0,7263.0,0,0,0,15.07,11.1,6.97
a7,6735.0,11609.0,7890.0,0,0,0,17.42,11.1,6.06
a8,6467.0,15134.0,8712.0,0,0,0,20.36,11.07,5.12
a9,5969.0,4120.0,3307.0,0,0,0,40.62,39.94,31.49
a10,5767.0,4208.0,3457.0,0,0,0,42.88,40.04,30.47
a11,5545.0,4235.0,3478.0,0,0,0,45.09,40.03,29.12
a12,5416.0,4348.0,3623.0,0,0,0,46.77,39.85,28.06
a13,5202.0,2999.0,2264.0,0,0,0,71.78,75.46,63.09
a14,5140.0,3035.0,2299.0,0,0,0,71.91,73.14,62.17
a15,5101.0,2973.0,2271.0,0,0,0,74.11,76.98,63.06
a16,5136.0,3017.0,2284.0,0,0,0,72.73,75.12,62.6
a17,5072.0,2947.0,2248.0,0,0,0,74.05,76.81,62.33
a18,5001.0,2898.0,2183.0,0,0,0,74.16,77.19,62.97
a19,5136.0,2975.0,2157.0,0,0,0,69.16,71.7,62.05
a20,18549.0,30900.0,21775.0,0,0,0,1.37,1.12,0.78
a21,10338.0,28034.0,22538.0,0,0,0,5.17,3.27,0.85
a22,8293.0,25426.0,22721.0,0,0,0,10.35,5.9,0.91
b1,13535.0,19194.0,15353.0,0,0,0,3.35,2.93,1.63
b2,11906.0,23211.0,18908.0,0,0,0,3.98,2.94,1.07
b3,10884.0,27440.0,22340.0,0,0,0,4.71,3.09,0.74
b4,10632.0,28389.0,23485.0,0,0,0,5.08,3.21,0.69
b5,8098.0,9328.0,8540.0,0,0,0,12.86,11.1,5.86
b6,7370.0,11021.0,11120.0,0,0,0,14.66,11.01,3.94
b7,6986.0,14056.0,15395.0,0,0,0,16.97,10.94,2.28
b8,6965.0,19011.0,20856.0,0,0,0,19.7,11.01,1.2
b9,5999.0,4203.0,3498.0,0,0,0,40.39,40.01,29.68
b10,5788.0,4367.0,3858.0,0,0,0,42.59,40.11,26.44
b11,5581.0,4462.0,4116.0,0,0,0,44.29,39.94,23.52
b12,5454.0,4643.0,4496.0,0,0,0,45.98,39.89,21.17
b13,5424.0,3057.0,2242.0,0,0,0,65.55,71.21,61.79
b14,5168.0,3133.0,2319.0,0,0,0,68.8,67.99,60.07
b15,5121.0,3077.0,2527.0,0,0,0,71.26,74.48,51.88
b16,5487.0,3353.0,2592.0,0,0,0,57.82,60.0,49.14
b17,5137.0,3209.0,2516.0,0,0,0,65.61,64.93,49.68
b18,5352.0,3128.0,2501.0,0,0,0,62.84,68.83,51.29
b19,5350.0,3113.0,2166.0,0,0,0,60.77,62.73,59.44
b20,13511.0,29845.0,23323.0,0,0,0,2.87,2.06,0.8
b21,8854.0,27300.0,23513.0,0,0,0,8.37,4.88,0.88
b22,5960.0,5877.0,5740.0,0,0,0,29.02,24.67,11.91
c1,12573.0,15120.0,13472.0,0,0,0,4.49,4.31,2.29
c2,11775.0,17242.0,17896.0,0,0,0,4.9,4.37,1.42
c3,11475.0,20054.0,24193.0,0,0,0,5.13,4.3,0.82
c4,11170.0,19810.0,25442.0,0,0,0,5.7,4.77,0.85
c5,6785.0,6081.0,6141.0,0,0,0,23.78,22.59,10.89
c6,6481.0,7546.0,10458.0,0,0,0,25.55,22.41,5.5
c7,6522.0,10514.0,19470.0,0,0,0,27.72,22.42,2.39
c8,6830.0,13542.0,28614.0,0,0,0,28.7,22.23,1.28
c9,5746.0,3915.0,3373.0,0,0,0,46.89,47.28,32.4
c10,5614.0,4112.0,3913.0,0,0,0,48.17,47.13,26.63
c11,5463.0,4314.0,4539.0,0,0,0,49.81,47.42,21.58
c12,5376.0,4525.0,5125.0,0,0,0,50.47,46.85,18.1
c13,5733.0,3114.0,2199.0,0,0,0,58.24,65.94,60.94
c14,5177.0,3243.0,2299.0,0,0,0,64.18,60.73,57.45
c15,5111.0,3195.0,2801.0,0,0,0,68.73,71.96,42.7
c16,5819.0,3684.0,2868.0,0,0,0,45.88,47.73,38.75
c17,5208.0,3521.0,2895.0,0,0,0,58.66,55.64,39.4
c18,5671.0,3332.0,2801.0,0,0,0,53.28,61.12,41.61
c19,5657.0,3288.0,2142.0,0,0,0,50.72,52.04,56.28
c20,17886.0,30196.0,23889.0,0,0,0,1.7,1.45,0.76
c21,6253.0,8894.0,10799.0,0,0,0,22.87,17.19,4.72
c22,5781.0,4856.0,4507.0,0,0,0,34.53,31.48,17.4
d1,13682.0,14927.0,13793.0,0,0,0,4.16,4.32,2.27
d2,13758.0,16237.0,18167.0,0,0,0,4.07,4.26,1.47
d3,14104.0,18254.0,24639.0,0,0,0,4.08,4.3,0.89
d4,13452.0,17879.0,25676.0,0,0,0,4.69,4.91,0.92
d5,6756.0,5217.0,5199.0,0,0,0,26.68,27.74,13.94
d6,6752.0,6268.0,8568.0,0,0,0,26.33,27.41,7.43
d7,7069.0,8619.0,16120.0,0,0,0,26.1,27.43,3.6
d8,7755.0,12907.0,29710.0,0,0,0,25.91,27.31,1.65
d9,5588.0,3574.0,2991.0,0,0,0,53.02,55.12,37.61
d10,5568.0,3767.0,3559.0,0,0,0,52.96,55.14,30.47
d11,5504.0,3937.0,4129.0,0,0,0,52.49,54.62,24.44
d12,5591.0,5012.0,7475.0,0,0,0,52.17,54.65,11.69
d13,6132.0,3208.0,2190.0,0,0,0,51.28,60.55,59.94
d14,5241.0,3453.0,2356.0,0,0,0,58.99,52.82,54.44
d15,5138.0,3364.0,3239.0,0,0,0,66.07,69.08,34.69
d16,6273.0,4133.0,3223.0,0,0,0,35.35,36.71,29.94
d17,5243.0,3899.0,3318.0,0,0,0,51.68,46.54,30.64
d18,6070.0,3575.0,3144.0,0,0,0,44.32,53.48,33.27
d19,6118.0,3561.0,2164.0,0,0,0,41.16,41.63,52.5
d20,7440.0,12467.0,14967.0,0,0,0,13.96,10.52,2.72
d21,6885.0,5973.0,5643.0,0,0,0,21.28,20.6,11.58
d22,5661.0,4426.0,4138.0,0,0,0,38.28,36.52,19.91
e1,15112.0,14500.0,13587.0,0,0,0,3.71,4.2,2.3
e2,16529.0,15706.0,18535.0,0,0,0,3.39,4.21,1.48
e3,18107.0,17483.0,24916.0,0,0,0,3.12,4.17,0.94
e4,17956.0,17430.0,26311.0,0,0,0,3.34,4.54,0.97
e5,9466.0,7450.0,7525.0,0,0,0,12.46,14.03,7.52
e6,10155.0,8485.0,11432.0,0,0,0,11.51,14.17,4.54
e7,11576.0,10637.0,18507.0,0,0,0,10.28,14.01,2.58
e8,13518.0,14086.0,29353.0,0,0,0,9.41,13.94,1.45
e9,6351.0,4218.0,3639.0,0,0,0,37.32,40.04,27.82
e10,6456.0,4403.0,4208.0,0,0,0,36.12,40.08,23.52
e11,6574.0,4591.0,4806.0,0,0,0,34.48,39.54,19.51
e12,7101.0,5352.0,7262.0,0,0,0,31.25,39.49,11.51
e13,6702.0,3339.0,2191.0,0,0,0,44.56,54.93,58.76
e14,5286.0,3683.0,2383.0,0,0,0,53.83,45.36,51.25
e15,5107.0,3547.0,3751.0,0,0,0,63.56,66.14,27.3
e16,6841.0,4726.0,3738.0,0,0,0,26.43,27.39,22.31
e17,5280.0,4370.0,3854.0,0,0,0,45.25,38.47,22.96
e18,6621.0,3909.0,3680.0,0,0,0,36.26,46.15,25.81
e19,6719.0,3930.0,2213.0,0,0,0,32.7,32.33,48.49
e20,6693.0,14764.0,27746.0,0,0,0,24.1,16.56,1.28
e21,7189.0,11164.0,16994.0,0,0,0,16.87,13.84,2.61
e22,5939.0,6475.0,7929.0,0,0,0,29.42,25.29,8.09
f1,22863.0,21327.0,17564.0,0,0,0,1.44,1.82,1.33
f2,26800.0,21254.0,19415.0,0,0,0,1.14,1.81,1.11
f3,30304.0,21490.0,22048.0,0,0,0,0.96,1.86,0.95
f4,31014.0,21212.0,22568.0,0,0,0,1.04,2.07,1.04
f5,13612.0,9496.0,8555.0,0,0,0,6.56,8.17,5.7
f6,17162.0,9647.0,9754.0,0,0,0,5.29,8.1,4.88
f7,22245.0,10397.0,11569.0,0,0,0,4.12,7.88,4.01
f8,28854.0,11948.0,14823.0,0,0,0,3.17,7.93,3.15
f9,6504.0,4125.0,3339.0,0,0,0,36.82,39.95,31.21
f10,6730.0,4181.0,3458.0,0,0,0,35.06,39.82,30.35
f11,6944.0,4180.0,3528.0,0,0,0,33.34,39.72,28.68
f12,8040.0,4280.0,3767.0,0,0,0,28.72,39.6,25.54
f13,7463.0,3467.0,2135.0,0,0,0,37.91,49.0,57.14
f14,5309.0,3927.0,2360.0,0,0,0,48.68,38.42,47.78
f15,5119.0,3792.0,4456.0,0,0,0,61.43,63.43,21.2
f16,7689.0,5572.0,4422.0,0,0,0,19.07,19.84,16.29
f17,5346.0,5045.0,4630.0,0,0,0,39.69,31.74,17.01
f18,7412.0,4343.0,4383.0,0,0,0,29.06,39.29,19.71
f19,7649.0,4432.0,2257.0,0,0,0,25.36,24.37,44.23
f20,6449.0,5745.0,5979.0,0,0,0,25.51,24.4,11.61
f21,5783.0,5589.0,6643.0,0,0,0,32.92,29.82,10.41
f22,5595.0,4689.0,4841.0,0,0,0,37.76,35.31,15.44
g1,20585.0,16178.0,12035.0,0,0,0,2.24,2.84,2.62
g2,25434.0,15603.0,11419.0,0,0,0,1.8,2.81,2.81
g3,29850.0,15275.0,11006.0,0,0,0,1.51,2.88,3.06
g4,30483.0,14974.0,11013.0,0,0,0,1.63,3.14,3.31
g5,12276.0,7708.0,6065.0,0,0,0,9.02,11.02,9.72
g6,15454.0,7482.0,5693.0,0,0,0,7.51,10.82,10.37
g7,20547.0,7641.0,5434.0,0,0,0,6.21,10.78,10.87
g8,27581.0,8235.0,5265.0,0,0,0,4.84,10.54,11.46
g9,6570.0,4078.0,3209.0,0,0,0,36.78,40.1,33.33
g10,6862.0,4029.0,3092.0,0,0,0,34.81,40.06,34.24
g11,7198.0,4029.0,3043.0,0,0,0,32.74,39.52,34.75
g12,8653.0,3963.0,2744.0,0,0,0,28.17,39.67,37.32
g13,8376.0,3600.0,2086.0,0,0,0,32.34,43.69,55.43
g14,5370.0,4371.0,2420.0,0,0,0,43.33,31.66,43.84
g15,5106.0,4114.0,5441.0,0,0,0,59.44,60.7,15.78
g16,8794.0,6812.0,5399.0,0,0,0,13.19,13.68,11.25
g17,5465.0,6004.0,5690.0,0,0,0,34.42,25.62,11.79
g18,8424.0,4906.0,5394.0,0,0,0,22.98,33.15,14.47
g19,8813.0,5109.0,2302.0,0,0,0,19.22,17.59,39.78
g20,5736.0,4789.0,5194.0,0,0,0,35.48,34.29,14.35
g21,5817.0,5600.0,7409.0,0,0,0,33.68,32.18,9.03
g22,5900.0,9885.0,22400.0,0,0,0,44.97,41.42,2.73
h1,19370.0,15656.0,10281.0,0,0,0,2.48,2.9,3.3
h2,23491.0,14775.0,8538.0,0,0,0,2.18,2.89,4.31
h3,28719.0,14328.0,7212.0,0,0,0,1.91,2.82,5.47
h4,30214.0,13623.0,6763.0,0,0,0,2.07,3.18,6.44
h5,11816.0,7543.0,5237.0,0,0,0,9.54,10.9,11.81
h6,14692.0,7073.0,4268.0,0,0,0,8.56,10.92,15.18
h7,19518.0,7044.0,3604.0,0,0,0,7.56,10.8,18.87
h8,27454.0,7619.0,3227.0,0,0,0,6.47,10.48,23.24
h9,6550.0,3989.0,2965.0,0,0,0,37.1,39.87,36.01
h10,6778.0,3949.0,2837.0,0,0,0,35.94,39.86,39.41
h11,7062.0,3840.0,2598.0,0,0,0,34.77,40.11,43.54
h12,8327.0,3754.0,2181.0,0,0,0,31.37,39.86,53.6
h13,9748.0,3809.0,2071.0,0,0,0,27.4,38.66,53.54
h14,5475.0,5053.0,2497.0,0,0,0,38.54,25.97,40.04
h15,5144.0,4615.0,6911.0,0,0,0,57.65,58.09,11.55
h16,10280.0,8691.0,6815.0,0,0,0,8.79,9.09,7.52
h17,5579.0,7363.0,7133.0,0,0,0,30.0,20.76,7.97
h18,9823.0,5571.0,6705.0,0,0,0,17.94,27.73,10.39
h19,10435.0,6065.0,2360.0,0,0,0,14.43,12.32,35.59
h20,5595.0,4443.0,5074.0,0,0,0,40.11,40.56,15.11
h21,6209.0,4370.0,3754.0,0,0,0,30.41,31.53,20.14
h22,6073.0,4999.0,6413.0,0,0,0,34.18,37.07,11.1
i1,15101.0,12646.0,7291.0,0,0,0,4.16,4.25,5.57
i2,16908.0,11893.0,5540.0,0,0,0,4.22,4.26,8.42
i3,19668.0,11299.0,4415.0,0,0,0,4.25,4.23,11.7
i4,29130.0,10924.0,3344.0,0,0,0,4.3,4.22,18.88
i5,9315.0,6615.0,4538.0,0,0,0,13.9,14.27,15.06
i6,9819.0,6389.0,3806.0,0,0,0,13.87,14.18,19.13
i7,10243.0,6181.0,3317.0,0,0,0,14.09,14.3,23.57
i8,12873.0,5814.0,2459.0,0,0,0,14.17,14.28,37.97
i9,6339.0,4003.0,2976.0,0,0,0,38.44,39.68,35.7
i10,6369.0,3952.0,2825.0,0,0,0,38.68,39.92,39.37
i11,6376.0,3872.0,2651.0,0,0,0,38.82,39.95,43.1
i12,6483.0,3677.0,2234.0,0,0,0,39.39,40.48,52.11
i13,11666.0,4119.0,2114.0,0,0,0,22.98,33.84,51.3
i14,5622.0,6138.0,2656.0,0,0,0,33.71,20.65,35.93
i15,5249.0,5419.0,9271.0,0,0,0,55.88,55.42,8.16
i16,12486.0,11821.0,8990.0,0,0,0,5.48,5.63,4.71
i17,5808.0,9644.0,9448.0,0,0,0,25.84,16.48,5.07
i18,11624.0,6478.0,8587.0,0,0,0,13.69,22.84,7.12
i19,12852.0,7559.0,2478.0,0,0,0,10.53,8.11,31.26
i20,5730.0,4272.0,4994.0,0,0,0,40.46,44.14,15.57
i21,10526.0,9073.0,14382.0,0,0,0,10.6,14.14,3.33
i22,7098.0,4311.0,4280.0,0,0,0,27.73,35.54,16.85
j1,18665.0,20232.0,10492.0,0,0,0,2.03,1.81,2.98
j2,18513.0,19541.0,7740.0,0,0,0,2.43,1.89,4.86
j3,19818.0,18442.0,5866.0,0,0,0,2.75,1.86,7.76
j4,29871.0,15322.0,3554.0,0,0,0,3.89,1.92,19.02
j5,9746.0,7829.0,5150.0,0,0,0,11.37,11.02,11.93
j6,9596.0,7701.0,4333.0,0,0,0,12.09,11.01,15.55
j7,9573.0,7573.0,3706.0,0,0,0,13.09,11.24,20.23
j8,9655.0,7316.0,2718.0,0,0,0,15.11,11.12,33.57
j9,6278.0,3986.0,2947.0,0,0,0,39.41,40.08,36.29
j10,6199.0,3966.0,2835.0,0,0,0,40.38,40.15,39.28
j11,6106.0,3855.0,2598.0,0,0,0,41.5,40.42,43.68
j12,6020.0,3731.0,2296.0,0,0,0,43.0,40.44,51.03
j13,14192.0,4475.0,2127.0,0,0,0,19.05,29.21,48.71
j14,5808.0,7855.0,2843.0,0,0,0,29.51,16.47,32.13
j15,5463.0,6837.0,13599.0,0,0,0,54.05,52.52,5.29
j16,15918.0,16928.0,12745.0,0,0,0,3.1,3.21,2.66
j17,6206.0,13644.0,13584.0,0,0,0,22.32,13.18,2.86
j18,14461.0,8104.0,12342.0,0,0,0,10.1,18.32,4.5
j19,16632.0,9866.0,2744.0,0,0,0,7.58,5.05,27.03
j20,7008.0,4008.0,3545.0,0,0,0,29.46,37.68,22.04
j21,21343.0,14074.0,24839.0,0,0,0,4.0,7.61,1.46
j22,26648.0,21650.0,23426.0,0,0,0,1.27,2.04,0.96
k1,12238.0,14399.0,8043.0,0,0,0,5.15,4.32,5.09
k2,10717.0,15965.0,6482.0,0,0,0,6.39,4.32,7.23
k3,9668.0,17945.0,5570.0,0,0,0,7.75,4.37,9.62
k4,9314.0,19680.0,5373.0,0,0,0,8.62,4.45,11.15
k5,8297.0,6945.0,4644.0,0,0,0,15.56,14.22,14.49
k6,7637.0,7104.0,4018.0,0,0,0,17.79,14.33,18.03
k7,7168.0,7388.0,3567.0,0,0,0,20.02,14.38,21.96
k8,6383.0,8289.0,2880.0,0,0,0,25.52,14.48,31.69
k9,6104.0,3962.0,2920.0,0,0,0,40.84,40.34,36.15
k10,5933.0,3961.0,2810.0,0,0,0,42.98,40.37,39.23
k11,5746.0,3917.0,2628.0,0,0,0,44.92,40.27,42.42
k12,5482.0,3838.0,2318.0,0,0,0,48.93,40.18,48.91
k13,17677.0,4969.0,2145.0,0,0,0,15.44,24.54,45.44
k14,6093.0,10783.0,3145.0,0,0,0,25.29,12.75,27.93
k15,5778.0,9066.0,20466.0,0,0,0,52.06,49.38,3.26
k16,21553.0,25680.0,18334.0,0,0,0,1.54,1.61,1.35
k17,6875.0,20802.0,19637.0,0,0,0,18.93,10.33,1.47
k18,18864.0,10740.0,18636.0,0,0,0,6.97,13.97,2.67
k19,22473.0,13077.0,3089.0,0,0,0,5.37,2.89,22.62
k20,20545.0,17072.0,15928.0,0,0,0,2.28,3.02,1.91
k21,25906.0,21775.0,16956.0,0,0,0,1.26,1.72,1.49
k22,24827.0,18274.0,11154.0,0,0,0,1.62,2.1,2.79
l1,13747.0,19414.0,12333.0,0,0,0,3.58,2.92,2.64
l2,11671.0,22569.0,11504.0,0,0,0,4.48,2.96,2.93
l3,10479.0,25707.0,10921.0,0,0,0,5.39,3.12,3.23
l4,10215.0,25826.0,10577.0,0,0,0,5.95,3.4,3.57
l5,8512.0,8615.0,5975.0,0,0,0,12.96,11.08,9.97
l6,7441.0,9560.0,5515.0,0,0,0,15.38,10.99,10.69
l7,6859.0,11443.0,5299.0,0,0,0,18.18,11.02,11.56
l8,6531.0,14750.0,5081.0,0,0,0,21.16,10.96,12.58
l9,6001.0,3949.0,2965.0,0,0,0,40.94,39.99,33.66
l10,5819.0,4021.0,3005.0,0,0,0,43.02,39.82,34.15
l11,5620.0,4024.0,2939.0,0,0,0,45.36,39.98,35.08
l12,5398.0,3981.0,2797.0,0,0,0,48.06,40.19,35.97
l13,21879.0,5631.0,2228.0,0,0,0,12.12,19.77,41.27
l14,6511.0,15160.0,3651.0,0,0,0,21.34,9.74,23.64
l15,6428.0,13104.0,32947.0,0,0,0,48.52,44.71,1.86
l16,29753.0,38754.0,26590.0,0,0,0,0.63,0.68,0.6
l17,8122.0,34414.0,28214.0,0,0,0,15.51,7.82,0.67
l18,25699.0,15356.0,29575.0,0,0,0,4.37,9.78,1.44
l19,30007.0,16725.0,3579.0,0,0,0,3.85,1.6,18.27
l20,28785.0,33546.0,21592.0,0,0,0,0.71,0.78,0.82
l21,24783.0,32510.0,19455.0,0,0,0,0.96,0.93,1.01
l22,17231.0,28611.0,17003.0,0,0,0,1.94,1.57,1.38
gs0,5102.0,2762.0,1886.0,0,0,0,74.72,77.75,63.04
gs1,5372.0,3019.0,2120.0,0,0,0,65.56,67.88,55.45
gs2,5555.0,3207.0,2305.0,0,0,0,58.77,60.99,49.71
gs3,5733.0,3380.0,2444.0,0,0,0,52.06,53.98,44.05
gs4,5981.0,3633.0,2691.0,0,0,0,45.81,47.44,38.7
gs5,6227.0,3868.0,2904.0,0,0,0,39.71,41.23,33.59
gs6,6497.0,4156.0,3180.0,0,0,0,34.84,36.16,29.36
gs7,6840.0,4494.0,3473.0,0,0,0,30.03,31.18,25.42
gs8,7251.0,4909.0,3853.0,0,0,0,25.6,26.6,21.81
gs9,7749.0,5464.0,4401.0,0,0,0,21.49,22.27,18.18
gs10,8160.0,5905.0,4750.0,0,0,0,18.22,18.88,15.51
gs11,8652.0,6524.0,5242.0,0,0,0,15.15,15.65,12.67
gs12,9377.0,7289.0,5797.0,0,0,0,12.54,12.98,10.68
gs13,10133.0,8237.0,6481.0,0,0,0,10.08,10.41,8.63
gs14,11059.0,9497.0,7389.0,0,0,0,8.0,8.24,6.87
gs15,12361.0,11301.0,8800.0,0,0,0,6.21,6.42,5.29
gs16,13749.0,13369.0,10071.0,0,0,0,4.68,4.81,4.05
gs17,15605.0,15930.0,11955.0,0,0,0,3.52,3.65,3.03
gs18,17856.0,19261.0,14133.0,0,0,0,2.57,2.68,2.23
gs19,20662.0,23549.0,16995.0,0,0,0,1.75,1.84,1.54
gs20,23595.0,28556.0,19820.0,0,0,0,1.17,1.22,1.07
gs21,25211.0,31326.0,21403.0,0,0,0,0.95,1.0,0.87
gs22,26717.0,33630.0,22835.0,0,0,0,0.75,0.8,0.7
gs23,30855.0,35650.0,23499.0,0,0,0,0.43,0.52,0.56
