patch r g b
a1 2948 4893 3474
a2 2500 5411 3663
a3 2207 5943 4007
a4 2133 6009 3976
a5 1716 2887 1934
a6 1440 3295 2061
a7 1263 3860 2208
a8 1143 4737 2446
a9 1101 1208 1009
a10 1025 1244 1026
a11 959 1291 1046
a12 903 1327 1054
a13 882 736 634
a14 859 758 643
a15 860 731 633
a16 864 739 627
a17 854 723 627
a18 849 714 618
a19 873 731 598
a20 4139 6935 5139
a21 2206 6113 5051
a22 1573 6127 5121
b1 3069 5047 3863
b2 2717 5693 4560
b3 2418 6247 5157
b4 2335 6424 5344
b5 1672 3059 2381
b6 1463 3661 2997
b7 1298 4529 3914
b8 1230 5741 4969
b9 1103 1224 1063
b10 1016 1277 1141
b11 956 1339 1229
b12 905 1392 1302
b13 942 736 618
b14 858 790 638
b15 856 767 721
b16 951 851 716
b17 863 839 728
b18 938 773 711
b19 933 787 606
b20 3051 6511 5233
b21 1719 6248 5218
b22 1073 1900 1676
c1 2824 4291 3469
c2 2649 4783 4346
c3 2544 5293 5361
c4 2453 5257 5503
c5 1312 1925 1833
c6 1213 2406 2979
c7 1166 3155 4954
c8 1195 3731 6408
c9 1026 1094 1011
c10 972 1161 1180
c11 927 1232 1364
c12 903 1306 1541
c13 1040 752 614
c14 865 860 648
c15 862 818 842
c16 1051 990 829
c17 867 966 842
c18 1035 837 820
c19 1032 866 609
c20 3976 6905 5434
c21 1140 2989 2893
c22 1032 1489 1341
d1 3042 4264 3559
d2 3056 4553 4374
d3 3101 4930 5398
d4 2956 4829 5568
d5 1311 1577 1594
d6 1318 1876 2557
d7 1381 2457 4496
d8 1502 3221 6941
d9 982 956 905
d10 964 1007 1076
d11 961 1070 1279
d12 981 1368 2254
d13 1159 777 614
d14 870 956 654
d15 862 877 994
d16 1189 1189 979
d17 880 1153 1011
d18 1158 919 957
d19 1152 972 612
d20 1452 3953 3785
d21 1333 1855 1639
d22 995 1291 1226
e1 3334 4222 3540
e2 3610 4472 4455
e3 3878 4753 5383
e4 3842 4695 5664
e5 1993 2295 2149
e6 2187 2548 3229
e7 2504 2975 4881
e8 2904 3528 6706
e9 1194 1177 1099
e10 1211 1194 1241
e11 1268 1258 1460
e12 1425 1459 2212
e13 1304 804 607
e14 878 1088 670
e15 870 958 1202
e16 1354 1443 1160
e17 894 1398 1199
e18 1305 1013 1126
e19 1304 1110 616
e20 1165 4356 5861
e21 1376 3455 4213
e22 1061 2026 2232
f1 4895 5789 4370
f2 5444 5884 4832
f3 5731 5891 5216
f4 5802 5802 5356
f5 2961 2914 2359
f6 3725 2924 2745
f7 4661 3024 3240
f8 5433 3291 4165
f9 1238 1149 1019
f10 1294 1121 1015
f11 1379 1129 1079
f12 1644 1120 1170
f13 1499 843 603
f14 891 1260 693
f15 875 1057 1460
f16 1579 1766 1374
f17 909 1714 1436
f18 1518 1151 1356
f19 1530 1291 629
f20 1218 1784 1757
f21 1029 1711 1929
f22 976 1400 1458
g1 4429 4630 3283
g2 5175 4503 3204
g3 5572 4327 3095
g4 5615 4237 3099
g5 2610 2320 1708
g6 3312 2220 1661
g7 4236 2152 1592
g8 5087 2166 1595
g9 1242 1113 947
g10 1341 1091 931
g11 1435 1068 906
g12 1798 1015 845
g13 1734 885 599
g14 910 1498 719
g15 882 1173 1784
g16 1859 2207 1627
g17 936 2170 1737
g18 1768 1313 1647
g19 1813 1532 650
g20 1033 1445 1598
g21 1051 1678 2216
g22 1034 2617 5742
h1 4228 4497 2878
h2 4939 4275 2468
h3 5448 4025 2098
h4 5540 3794 1957
h5 2484 2289 1485
h6 3107 2102 1253
h7 4008 1995 1074
h8 4925 1940 931
h9 1235 1092 874
h10 1301 1054 811
h11 1395 1019 752
h12 1718 957 624
h13 2022 934 588
h14 933 1835 760
h15 891 1325 2225
h16 2253 2804 1953
h17 968 2766 2100
h18 2115 1529 2056
h19 2201 1838 663
h20 1001 1298 1587
h21 1174 1296 1173
h22 1135 1418 1955
i1 3310 3741 2076
i2 3659 3508 1605
i3 4146 3287 1299
i4 5205 2936 957
i5 1881 2025 1314
i6 1996 1932 1104
i7 2109 1873 975
i8 2673 1650 682
i9 1169 1116 879
i10 1175 1081 808
i11 1191 1059 747
i12 1230 1010 639
i13 2397 992 579
i14 958 2259 791
i15 909 1537 2858
i16 2797 3602 2428
i17 1016 3593 2649
i18 2551 1800 2619
i19 2753 2279 700
i20 1047 1206 1588
i21 2261 2603 3917
i22 1423 1180 1356
j1 4109 5302 2960
j2 4088 5031 2242
j3 4299 4677 1701
j4 5385 3870 1017
j5 1993 2451 1482
j6 1948 2401 1243
j7 1934 2346 1050
j8 1945 2209 754
j9 1140 1112 867
j10 1116 1102 813
j11 1098 1079 739
j12 1090 1060 648
j13 2877 1068 571
j14 991 2792 841
j15 944 1915 3991
j16 3560 4763 3391
j17 1097 4702 3615
j18 3163 2264 3638
j19 3562 2783 750
j20 1395 1077 1114
j21 4361 3663 5596
j22 5305 5847 5357
k1 2660 4029 2231
k2 2291 4178 1813
k3 1978 4308 1555
k4 1846 4447 1462
k5 1630 2210 1349
k6 1462 2324 1169
k7 1331 2449 1027
k8 1123 2798 845
k9 1093 1126 861
k10 1032 1137 813
k11 996 1159 759
k12 914 1187 669
k13 3465 1174 568
k14 1043 3436 922
k15 1004 2458 5608
k16 4730 6525 4628
k17 1206 6057 4786
k18 4009 2918 5056
k19 4624 3387 834
k20 4397 4812 3993
k21 5237 5895 4346
k22 5090 5059 3122
l1 3006 5001 3286
l2 2546 5310 3108
l3 2197 5529 2931
l4 2106 5538 2850
l5 1686 2768 1690
l6 1425 3176 1618
l7 1239 3678 1542
l8 1119 4375 1518
l9 1069 1150 906
l10 1001 1185 891
l11 943 1216 863
l12 882 1237 831
l13 4125 1328 585
l14 1104 4036 1027
l15 1091 3088 7411
l16 5813 8294 6226
l17 1348 7480 6054
l18 5019 3745 6617
l19 5443 4111 998
l20 5629 7657 5429
l21 5171 7311 4976
l22 3812 6452 4385
gs0 835 698 576
gs1 881 768 633
gs2 927 829 685
gs3 971 891 726
gs4 1031 972 792
gs5 1111 1072 867
gs6 1183 1175 949
gs7 1276 1305 1048
gs8 1385 1457 1165
gs9 1495 1643 1289
gs10 1632 1848 1432
gs11 1766 2088 1573
gs12 1922 2314 1697
gs13 2129 2630 1851
gs14 2361 2978 2052
gs15 2678 3408 2355
gs16 3066 3996 2788
gs17 3475 4585 3243
gs18 3933 5258 3732
gs19 4484 6108 4344
gs20 4965 6911 4945
gs21 5180 7248 5233
gs22 5357 7515 5516
gs23 5674 7750 5670
