patch,r,g,b,refR,refG,refB,refX,refY,refZ
a1,15204.0,20682.0,18603.0,11892.0,23256.0,15690.0,1540.8955500618047,1394.0,1372.8918417799753
a2,12876.0,23124.0,19806.0,9639.0,26820.0,16659.0,1756.6170755017522,1383.0,1266.244663905702
a3,11391.0,25386.0,21558.0,8130.0,29964.0,17991.0,1921.4401294498382,1375.0,1153.3980582524273
a4,10854.0,25515.0,21186.0,7644.0,30252.0,17619.0,2056.404567699837,1440.0,1201.8009787928222
a5,8859.0,12534.0,10242.0,6954.0,14472.0,8529.0,4144.716621253407,3701.0,3359.2485619134122
a6,7401.0,14529.0,11073.0,5496.0,17370.0,9180.0,4771.841049382716,3739.0,3029.2824074074074
a7,6546.0,17214.0,12084.0,4500.0,21243.0,9858.0,5314.166666666667,3682.0,2670.5
a8,5778.0,20886.0,13194.0,3540.0,26583.0,10560.0,5988.853114754098,3643.0,2312.4091803278693
a9,5637.0,5280.0,4974.0,4653.0,5649.0,4308.0,12155.556858147713,11980.0,10975.814771395075
a10,5268.0,5565.0,5190.0,4296.0,6045.0,4500.0,12713.780918727916,12000.0,10621.90812720848
a11,4986.0,5886.0,5421.0,3987.0,6474.0,4692.0,13202.674349881798,11930.0,10121.462765957447
a12,4731.0,6117.0,5547.0,3744.0,6813.0,4782.0,13693.376932223542,11940.0,9860.08323424495
a13,4590.0,3279.0,3171.0,3834.0,3330.0,2772.0,21174.61224489796,22170.0,21290.956268221573
a14,4488.0,3420.0,3258.0,3744.0,3519.0,2823.0,21130.78332840674,21480.0,20883.156961276974
a15,4500.0,3297.0,3222.0,3759.0,3342.0,2823.0,21783.44847605225,22590.0,21199.846153846156
a16,4500.0,3336.0,3207.0,3795.0,3411.0,2799.0,21326.09613130129,21970.0,21094.290738569758
a17,4422.0,3282.0,3207.0,3720.0,3336.0,2823.0,21655.848563968666,22410.0,20947.206266318542
a18,4422.0,3240.0,3171.0,3708.0,3297.0,2760.0,21686.702467343977,22510.0,21144.37155297533
a19,4641.0,3423.0,3207.0,3900.0,3534.0,2799.0,20181.76348547718,20830.0,20725.047421458214
a20,21354.0,28857.0,27849.0,16890.0,31794.0,23898.0,677.5345553076188,603.3,642.3404526617787
a21,11214.0,25509.0,26493.0,7875.0,28488.0,22836.0,1736.3969849246234,1221.0,651.8255985811408
a22,7875.0,24900.0,26238.0,4857.0,28002.0,22620.0,3086.121372031662,1944.0,669.0870712401055
b1,15714.0,21315.0,20715.0,12312.0,23487.0,17505.0,1469.4494680851064,1371.0,1210.9689716312057
b2,13887.0,23943.0,24306.0,10434.0,26511.0,20868.0,1616.661872615204,1361.0,1017.054886997358
b3,12441.0,26550.0,27531.0,8925.0,29472.0,23565.0,1779.3485697434385,1371.0,892.7065762312005
b4,11877.0,27018.0,28233.0,8361.0,30105.0,24333.0,1889.4983780595696,1421.0,880.0058979652016
b5,8706.0,13362.0,12708.0,6726.0,14940.0,10791.0,4135.860953461975,3702.0,2667.2468785471065
b6,7557.0,16026.0,16188.0,5433.0,17958.0,13887.0,4610.416082936396,3677.0,2015.189688988512
b7,6699.0,19875.0,21303.0,4296.0,22146.0,18516.0,5131.650182635572,3623.0,1425.1756111267212
b8,6174.0,24960.0,26928.0,3399.0,28098.0,23247.0,5745.689177489178,3593.0,1030.7191919191919
b9,5637.0,5349.0,5253.0,4653.0,5649.0,4563.0,12015.802646720369,11930.0,10375.256041426925
b10,5319.0,5823.0,5958.0,4308.0,6162.0,5202.0,12482.584301501844,11880.0,9301.343156701616
b11,5061.0,6195.0,6597.0,4014.0,6525.0,5778.0,12913.71644295302,11850.0,8373.867449664434
b12,4794.0,6405.0,6993.0,3744.0,6756.0,6189.0,13307.112403100773,11830.0,7614.825581395348
b13,5025.0,3417.0,3309.0,4257.0,3426.0,2889.0,19217.06937095826,20630.0,20793.730158730163
b14,4590.0,3738.0,3426.0,3834.0,3942.0,2979.0,19972.95936931474,19710.0,20080.533656761672
b15,4575.0,3570.0,3885.0,3822.0,3519.0,3438.0,20622.719711671747,21530.0,17536.772941502637
b16,5076.0,3969.0,3885.0,4269.0,4044.0,3375.0,16861.799065420564,17390.0,16536.752336448597
b17,4512.0,3873.0,3810.0,3732.0,4005.0,3336.0,18892.775202780995,18730.0,16635.62572421784
b18,4935.0,3522.0,3708.0,4179.0,3468.0,3285.0,18277.50348675035,19850.0,17242.092050209205
b19,5025.0,3750.0,3309.0,4230.0,3963.0,2862.0,17538.276073619632,17940.0,19552.398773006134
b20,15816.0,27759.0,29103.0,11877.0,30477.0,24933.0,1053.0098126672613,827.4,579.8934879571813
b21,8694.0,26046.0,27234.0,5535.0,29229.0,23565.0,2565.17791411043,1644.0,593.6266432953549
b22,5535.0,8175.0,8643.0,4269.0,8826.0,7479.0,8353.686199342825,7262.0,4269.308324205916
c1,14589.0,18252.0,18567.0,11559.0,19569.0,15843.0,1768.2806770098732,1735.0,1390.936530324401
c2,13731.0,20259.0,23388.0,10587.0,21168.0,20214.0,1520.6373682857875,1376.0,639.7286044718584
c3,13143.0,22281.0,28257.0,9870.0,22683.0,24921.0,1719.228324434274,1511.0,611.6226798881262
c4,12696.0,22158.0,29295.0,9462.0,22260.0,25791.0,1782.1715771230504,1551.0,506.8878435256254
c5,6891.0,8526.0,9807.0,5484.0,8796.0,8592.0,6812.419863373621,6531.0,3816.327903310562
c6,6327.0,10491.0,15906.0,4731.0,9807.0,14307.0,7333.96819960861,6614.0,2231.092465753424
c7,5997.0,13284.0,26109.0,4065.0,10668.0,23835.0,7802.918241965974,6565.0,1144.8416824196593
c8,6060.0,15399.0,33387.0,3885.0,11460.0,30495.0,8135.798438608942,6639.0,931.3761533002123
c9,5343.0,4881.0,5127.0,4398.0,4998.0,4500.0,13562.964205816555,13670.0,10994.105145413872
c10,5100.0,5298.0,6174.0,4179.0,5310.0,5421.0,13809.583221296049,13630.0,9210.053777897283
c11,4947.0,5676.0,7377.0,3975.0,5490.0,6585.0,14117.416429126717,13630.0,7572.61466701218
c12,4818.0,5964.0,8337.0,3795.0,5616.0,7530.0,14248.748416518874,13490.0,6439.108183430452
c13,5637.0,3570.0,3399.0,4833.0,3552.0,2952.0,16961.112433075552,18770.0,20098.750743604993
c14,4665.0,4167.0,3528.0,3885.0,4539.0,3030.0,18146.268844221104,17160.0,18588.203517587935
c15,4629.0,3846.0,4665.0,3885.0,3666.0,4143.0,19267.009544008484,20210.0,14101.993637327683
c16,5727.0,4749.0,4704.0,4794.0,4896.0,4089.0,13117.140366172624,13530.0,12672.824760244115
c17,4629.0,4575.0,4590.0,3759.0,4806.0,4038.0,16403.125717566018,15670.0,12903.912169919633
c18,5484.0,3828.0,4386.0,4641.0,3648.0,3885.0,15119.748191802837,17140.0,13655.0656308599
c19,5523.0,4089.0,3297.0,4680.0,4422.0,2799.0,14366.110215920076,14530.0,17929.54237834354
c20,20547.0,29229.0,29985.0,16137.0,31833.0,25740.0,698.4455056179775,609.9,495.0252808988764
c21,5841.0,12747.0,15063.0,4116.0,13566.0,13209.0,6467.266472611802,5060.0,1862.5191849695686
c22,5355.0,6582.0,7071.0,4269.0,6972.0,6174.0,9716.667762256915,8963.0,5869.770747740348
d1,15777.0,17976.0,18846.0,12672.0,18975.0,16212.0,1614.6046319272127,1667.0,1314.4802867383514
d2,15930.0,19287.0,23628.0,12708.0,19338.0,20625.0,1582.530464091263,1660.0,1061.3326419497018
d3,16173.0,20661.0,29013.0,12786.0,19638.0,25368.0,1588.4334817012862,1675.0,878.5051928783386
d4,15483.0,20286.0,29754.0,12135.0,18885.0,26316.0,1771.5826235093698,1867.0,905.1019712825504
d5,7020.0,7128.0,8733.0,5715.0,7005.0,7683.0,7852.759513331608,8170.0,5126.606264561224
d6,6993.0,8271.0,14001.0,5547.0,6999.0,12594.0,7731.9558308015885,8131.0,3139.1474643608312
d7,7212.0,10176.0,23655.0,5472.0,6654.0,21852.0,7581.05595160942,8071.0,1783.6753078418658
d8,7659.0,12696.0,35943.0,5523.0,6417.0,33348.0,7487.875155022736,8020.0,1069.2228193468375
d9,5178.0,4365.0,4716.0,4332.0,4371.0,4155.0,15022.410171365394,15560.0,12424.776119402986
d10,5088.0,4569.0,5637.0,4218.0,4377.0,5025.0,14954.933263543577,15600.0,10272.07537293902
d11,5112.0,4869.0,6864.0,4218.0,4422.0,6150.0,14723.637724550897,15420.0,8329.416167664669
d12,5178.0,5853.0,12018.0,4143.0,4197.0,10944.0,14469.823739402053,15350.0,4428.2797858099075
d13,6342.0,3687.0,3426.0,5496.0,3636.0,2979.0,14810.108695652174,16920.0,19356.847826086956
d14,4767.0,4788.0,3720.0,3924.0,5418.0,3156.0,16347.524622455681,14680.0,17166.828627708477
d15,4680.0,4140.0,5535.0,3885.0,3807.0,4974.0,18300.824427480915,19210.0,11369.582697201013
d16,6495.0,5721.0,5625.0,5433.0,5970.0,4923.0,10065.205359743666,10330.0,9695.094669385377
d17,4704.0,5529.0,5625.0,3795.0,5904.0,4884.0,14196.241073978861,12970.0,9880.317052270779
d18,6174.0,4179.0,5151.0,5253.0,3840.0,4590.0,12563.722966014417,14900.0,10898.789907312046
d19,6252.0,4692.0,3426.0,5292.0,5196.0,2862.0,11627.094339622643,11540.0,16421.241852487135
d20,7671.0,17541.0,21060.0,5343.0,18621.0,18540.0,3926.203801478352,3076.0,1118.176346356916
d21,6993.0,8226.0,8823.0,5637.0,8649.0,7722.0,6130.000539519828,5944.0,3960.5287294308077
d22,5268.0,5892.0,6699.0,4257.0,6027.0,5931.0,10538.87075194006,10140.0,6455.194005887074
e1,17337.0,17874.0,19089.0,14193.0,18552.0,16557.0,1407.4217907227617,1544.0,1212.5480043149942
e2,18873.0,18840.0,24141.0,15483.0,18183.0,21354.0,1315.630693069307,1546.0,965.1019801980196
e3,20457.0,19932.0,29397.0,16851.0,17880.0,25905.0,1261.5927559786394,1565.0,807.0269328999304
e4,20319.0,19689.0,30459.0,16737.0,17163.0,26979.0,1370.7276067983462,1714.0,851.8824069820852
e5,10701.0,10260.0,11979.0,8835.0,10164.0,10344.0,3912.516865594187,4333.0,2997.3476907109493
e6,11685.0,11154.0,18015.0,9576.0,9423.0,16008.0,3622.8293357933585,4349.0,2058.152214022141
e7,13233.0,12432.0,26454.0,10791.0,8436.0,24027.0,3175.9431396786154,4188.0,1263.9925834363412
e8,15138.0,13944.0,35316.0,12324.0,7605.0,32403.0,3068.4697147323172,4292.0,1025.6186010160213
e9,6315.0,5337.0,5754.0,5292.0,5355.0,5076.0,10563.421269579554,11230.0,9066.705138774387
e10,6456.0,5406.0,6609.0,5421.0,5145.0,5907.0,10263.889612080187,11280.0,7823.462639937519
e11,6711.0,5637.0,7749.0,5625.0,5088.0,6954.0,9676.599210266533,10980.0,6441.130306021719
e12,7557.0,6219.0,11700.0,6276.0,4539.0,10638.0,8704.936216216216,10890.0,3951.0097297297307
e13,7122.0,3750.0,3336.0,6201.0,3681.0,2889.0,12802.13386552042,15190.0,18645.87657353393
e14,4845.0,5478.0,3822.0,3951.0,6411.0,3207.0,14639.872764786796,12430.0,15674.281292984866
e15,4704.0,4506.0,6699.0,3885.0,3969.0,6048.0,17193.961895456767,18040.0,8830.522716170006
e16,7401.0,6891.0,6672.0,6174.0,7281.0,5817.0,7529.648908296943,7684.0,7156.0745269286745
e17,4833.0,6729.0,6750.0,3795.0,7305.0,5907.0,12289.032441661924,10660.0,7386.767216846898
e18,7020.0,4632.0,6264.0,5997.0,4050.0,5598.0,10194.895936570862,12680.0,8542.34886025768
e19,7173.0,5463.0,3618.0,6084.0,6180.0,2979.0,9129.939226519338,8837.0,14581.863720073665
e20,6099.0,18864.0,31992.0,3630.0,17133.0,28797.0,6434.846308387744,4647.0,588.1687594173782
e21,7134.0,14715.0,22467.0,5061.0,13923.0,20178.0,4750.846606223964,4005.0,1057.9245283018868
e22,5535.0,8955.0,12018.0,4194.0,8898.0,10701.0,8016.6317388003035,7048.0,2773.8901543912925
f1,25431.0,24747.0,24333.0,21174.0,26244.0,20676.0,672.9850028296548,774.7,744.4485568760613
f2,28104.0,24774.0,26226.0,23655.0,25239.0,22389.0,495.7219284603422,663.6,560.7402799377917
f3,29844.0,24984.0,28899.0,25242.0,24429.0,24972.0,526.9724008975318,771.7,625.2867115432559
f4,30252.0,24441.0,29385.0,25740.0,23481.0,25356.0,451.93116518483856,711.7,501.55367337388867
f5,15816.0,12771.0,12990.0,13374.0,13041.0,11085.0,2040.2863673030386,2425.0,2055.2836784081746
f6,19869.0,12561.0,15024.0,17160.0,11571.0,13143.0,1719.0386413979818,2426.0,1825.9187792271719
f7,24666.0,12567.0,17403.0,21672.0,10209.0,15393.0,1311.0,2262.0,1426.9999999999998
f8,28233.0,13104.0,22224.0,24882.0,9033.0,19884.0,1053.415811707906,2262.0,1234.9764634882317
f9,6519.0,5223.0,5268.0,5511.0,5325.0,4614.0,10025.614430665162,10740.0,9504.960541149945
f10,6879.0,5073.0,5382.0,5868.0,5031.0,4716.0,9726.42303433001,10870.0,9497.707641196015
f11,7299.0,5112.0,5676.0,6252.0,4926.0,5049.0,9151.007252215955,10680.0,8855.535858178888
f12,8808.0,4947.0,6240.0,7620.0,4296.0,5586.0,7953.52323838081,10610.0,7948.220889555221
f13,8271.0,3957.0,3375.0,7236.0,3846.0,2901.0,10665.917791026042,13160.0,17466.83401317854
f14,4884.0,6354.0,3987.0,3936.0,7689.0,3273.0,12931.544303797467,10340.0,14124.477396021697
f15,4731.0,4863.0,8067.0,3846.0,4050.0,7338.0,16328.156095260554,17010.0,6770.308889412875
f16,8592.0,8361.0,7875.0,7134.0,8937.0,6840.0,5341.989519650654,5471.0,5114.230276564775
f17,4908.0,8220.0,8145.0,3759.0,9102.0,7083.0,10450.365029804143,8564.0,5294.462673857509
f18,8208.0,5265.0,7671.0,7020.0,4389.0,6891.0,8025.292734540323,10590.0,6284.777803903126
f19,8412.0,6303.0,3732.0,7158.0,7275.0,3015.0,6978.718649517685,6562.0,12833.879421221867
f20,6585.0,8328.0,9960.0,5229.0,8457.0,8772.0,6903.981264637004,6633.0,3722.971896955504
f21,5484.0,7785.0,10599.0,4257.0,7530.0,9447.0,8878.601503759397,8172.0,3430.6015037593984
f22,5202.0,6462.0,8169.0,4143.0,6429.0,7236.0,10106.409874003599,9556.0,4909.459501157109
g1,23169.0,19755.0,17670.0,19539.0,21090.0,14883.0,817.5425757130255,961.1,1047.2909732431638
g2,26967.0,18975.0,17223.0,23169.0,19716.0,14448.0,616.6318537859007,858.8,1016.009979692486
g3,29142.0,18219.0,16698.0,25395.0,18444.0,14142.0,531.9807284198451,863.2,1080.2996271866934
g4,29472.0,17829.0,16635.0,25740.0,17895.0,14193.0,587.5161937517913,945.5,1176.9293493837777
g5,14103.0,10323.0,9384.0,11979.0,10746.0,8043.0,2636.332665330661,3110.0,3157.188663040366
g6,17748.0,9621.0,8925.0,15534.0,9402.0,7659.0,2327.8091993185685,3134.0,3436.544009085746
g7,22554.0,8949.0,8424.0,20100.0,8010.0,7173.0,1898.393625943528,3006.0,3499.2966172770475
g8,26802.0,8706.0,8298.0,24180.0,7185.0,7020.0,1740.2758915834524,3101.0,4006.0850213980034
g9,6621.0,5190.0,5076.0,5637.0,5325.0,4422.0,10101.334100057506,10840.0,10226.003450258768
g10,7173.0,5022.0,4998.0,6135.0,5037.0,4359.0,9498.542857142857,10700.0,10372.885714285718
g11,7773.0,4965.0,4947.0,6687.0,4896.0,4320.0,8899.925989183035,10520.0,10525.989183034442
g12,9717.0,4551.0,4512.0,8541.0,4173.0,3951.0,7913.999999999999,10620.0,11466.0
g13,9588.0,4128.0,3363.0,8439.0,3954.0,2850.0,9107.189710610932,11570.0,16525.382636655948
g14,4998.0,7587.0,4179.0,3963.0,9453.0,3336.0,11366.139037433155,8468.0,12511.162719633312
g15,4794.0,5376.0,9933.0,3822.0,4197.0,9102.0,15004.016430853493,15580.0,4970.5248744865385
g16,10113.0,10485.0,9537.0,8373.0,11436.0,8130.0,3729.7767726874818,3785.0,3529.8686898161654
g17,4986.0,10344.0,9921.0,3669.0,11718.0,8592.0,8909.142371921878,6880.0,3684.392867251627
g18,9552.0,5913.0,9270.0,8220.0,4671.0,8400.0,6309.606837606837,8816.0,4703.452991452991
g19,9933.0,7371.0,3822.0,8490.0,8694.0,2991.0,5352.950738916256,4787.0,11297.57725033587
g20,5664.0,6864.0,9117.0,4512.0,6654.0,8169.0,9417.859733064719,9173.0,4509.115084361622
g21,5637.0,7638.0,12198.0,4398.0,6762.0,10983.0,8966.888466111772,8666.0,2975.9105826397144
g22,5409.0,10482.0,29703.0,3669.0,5406.0,27273.0,11447.333333333334,10850.0,1036.0000000000011
h1,22158.0,19203.0,15318.0,18720.0,21249.0,12735.0,791.887424387138,875.2,1119.2863419293221
h2,25842.0,18168.0,13119.0,22299.0,20016.0,10689.0,684.1655172413793,831.6,1380.7862068965517
h3,28884.0,17370.0,11340.0,25278.0,18981.0,9117.0,686.2479262672811,882.9,1821.4050691244233
h4,29436.0,16353.0,10689.0,25956.0,17646.0,8529.0,687.4287406237662,921.3,2028.4603632056842
h5,13503.0,10362.0,8220.0,11493.0,11250.0,6930.0,2694.1364911187284,2973.0,3597.4319102524155
h6,16737.0,9276.0,6738.0,14667.0,9780.0,5598.0,2490.534384434754,3007.0,4589.684669573969
h7,21468.0,8412.0,5547.0,19269.0,8304.0,4473.0,2220.23469013568,2932.0,5599.507150715071
h8,26265.0,7926.0,4743.0,23796.0,7287.0,3744.0,1984.7144622991348,2857.0,6930.020189534404
h9,6672.0,5208.0,4767.0,5676.0,5445.0,4143.0,9865.491124260354,10440.0,10582.082840236684
h10,7083.0,5055.0,4512.0,6072.0,5268.0,3885.0,9669.963669391464,10510.0,11639.594308204662
h11,7620.0,4863.0,4155.0,6585.0,5022.0,3567.0,9394.89282385834,10530.0,12787.129543336438
h12,9270.0,4365.0,3348.0,8157.0,4365.0,2838.0,8565.113182423436,10400.0,15655.392809587214
h13,11187.0,4275.0,3273.0,9960.0,4026.0,2760.0,7723.473649320516,10140.0,15746.072257209147
h14,5139.0,9216.0,4422.0,3987.0,11865.0,3426.0,9862.2471451876,6835.0,11177.956769983686
h15,4869.0,6060.0,12594.0,3822.0,4359.0,11493.0,14611.01131071191,14990.0,3643.610556664448
h16,12171.0,13182.0,11469.0,10050.0,14619.0,9756.0,2585.0132003520093,2558.0,2360.653564095043
h17,5151.0,13113.0,12096.0,3606.0,15183.0,10419.0,7651.25899688297,5541.0,2509.072825162935
h18,11328.0,6717.0,11520.0,9807.0,4941.0,10419.0,4906.921243082163,7316.0,3349.6628352490434
h19,12057.0,8796.0,3912.0,10368.0,10566.0,2928.0,3888.5871941697037,3272.0,9872.208224882876
h20,5511.0,6204.0,9219.0,4449.0,5625.0,8259.0,10388.520408163266,10550.0,4693.160835762877
h21,6354.0,6147.0,6711.0,5268.0,6270.0,5946.0,8133.964718556424,8373.0,6043.533530837596
h22,6123.0,6417.0,10983.0,4959.0,5259.0,9972.0,8975.071558796717,9753.0,3498.4553327256162
i1,17544.0,16320.0,11124.0,14679.0,18828.0,9102.0,1200.0167422392744,1188.0,1755.6874782002087
i2,19449.0,15306.0,8541.0,16635.0,17919.0,6699.0,1194.3777961888982,1164.0,2463.494614747307
i3,22479.0,14550.0,6969.0,19614.0,16923.0,5202.0,1234.095984329089,1182.0,3372.346718903036
i4,28029.0,12735.0,5178.0,25011.0,14268.0,3657.0,1250.6490066225167,1160.0,5271.470198675496
i5,10305.0,9465.0,7401.0,8643.0,10593.0,6213.0,3791.276461295419,3830.0,4479.8293838862555
i6,10869.0,9051.0,6201.0,9204.0,10368.0,5100.0,3791.3224005582692,3790.0,5642.68318213538
i7,11457.0,8655.0,5304.0,9831.0,9972.0,4269.0,3841.0821237585947,3799.0,6870.995034377389
i8,14718.0,7566.0,3681.0,12990.0,8502.0,2838.0,3871.406836783823,3768.0,10502.14347616755
i9,6378.0,5406.0,4896.0,5382.0,5772.0,4245.0,10083.253588516747,10280.0,10378.373205741625
i10,6456.0,5325.0,4575.0,5472.0,5721.0,3924.0,10217.487684729065,10400.0,11402.216748768476
i11,6570.0,5253.0,4257.0,5598.0,5706.0,3657.0,10238.001273074477,10360.0,12374.627625716106
i12,6738.0,4941.0,3618.0,5805.0,5445.0,3042.0,10296.638225255972,10450.0,14918.890784982937
i13,13374.0,4542.0,3324.0,12018.0,4155.0,2760.0,6446.194387405886,8810.0,14894.38740588638
i14,5292.0,11373.0,4704.0,3975.0,15042.0,3450.0,8554.579729139363,5459.0,9835.2625600699
i15,4959.0,6942.0,16122.0,3795.0,4491.0,14730.0,14175.652173913044,14300.0,2611.3043478260875
i16,15063.0,16761.0,14487.0,12453.0,18744.0,12339.0,1674.2491861497485,1636.0,1531.419946729802
i17,5382.0,16845.0,15279.0,3489.0,19746.0,13068.0,6517.444412770808,4401.0,1627.1656214367165
i18,13617.0,7722.0,14679.0,11814.0,5175.0,13296.0,3748.970149253731,5994.0,2346.582089552238
i19,15099.0,10776.0,4089.0,13092.0,13227.0,2913.0,2835.2786377708976,2165.0,8405.294117647058
i20,5868.0,5790.0,9231.0,4818.0,4953.0,8388.0,10471.663167716351,11420.0,4747.0118964310695
i21,12261.0,11616.0,22695.0,10050.0,8553.0,20664.0,2953.335544041451,3843.0,1168.4312953367876
i22,7812.0,5529.0,8043.0,6648.0,4749.0,7248.0,7277.278273111215,9160.0,5054.978883153448
j1,21648.0,23124.0,15945.0,17940.0,26997.0,12978.0,665.4777991535206,585.9,1002.9507887649094
j2,21660.0,22119.0,11865.0,18207.0,26862.0,9141.0,703.3555666003977,538.9,1436.1738568588469
j3,23232.0,20919.0,9051.0,19806.0,25854.0,6585.0,792.3542361574382,535.5,2244.5273515677113
j4,29064.0,17100.0,5394.0,25638.0,20733.0,3450.0,1023.5689740420272,523.1,4919.338442521632
j5,10893.0,11544.0,8490.0,9000.0,13308.0,7056.0,3081.3041923951905,2929.0,3508.707832304193
j6,10677.0,11454.0,7158.0,8859.0,13743.0,5817.0,3307.853260869565,2969.0,4480.393115942028
j7,10575.0,11238.0,6021.0,8808.0,13776.0,4716.0,3511.2155172413795,2973.0,5720.217980295565
j8,10740.0,10791.0,4320.0,9066.0,13596.0,3156.0,3971.6273022751893,2914.0,8899.854821235103
j9,6240.0,5484.0,4908.0,5268.0,5886.0,4245.0,10203.787195671775,10250.0,10354.749023143975
j10,6135.0,5508.0,4665.0,5151.0,5994.0,3975.0,10489.442379182157,10320.0,11160.81784386617
j11,6084.0,5451.0,4320.0,5151.0,6027.0,3657.0,10782.585649644474,10380.0,12386.218487394957
j12,6009.0,5376.0,3861.0,5088.0,6111.0,3207.0,11028.041379310343,10360.0,14336.096551724142
j13,16047.0,4818.0,3324.0,14499.0,4257.0,2721.0,5424.9600428112735,7539.0,13932.222618622905
j14,5472.0,14019.0,5088.0,3951.0,18867.0,3591.0,7437.973284200829,4388.0,8385.910640257947
j15,5076.0,8322.0,22044.0,3720.0,4647.0,20394.0,13567.933618843681,13410.0,1737.2698072805154
j16,19257.0,21903.0,20037.0,15906.0,24186.0,17070.0,1046.011396011396,1049.0,893.5925925925928
j17,5778.0,21813.0,20958.0,3426.0,25290.0,18144.0,5570.80103507763,3481.0,956.8246118458885
j18,16749.0,9429.0,20253.0,14589.0,5535.0,18450.0,2783.240648854962,4777.0,1556.1715648854956
j19,19242.0,12831.0,4257.0,16851.0,15720.0,2838.0,2052.054887218045,1409.0,7132.93007518797
j20,7824.0,5280.0,6738.0,6726.0,4800.0,6021.0,7666.558425584256,9595.0,6342.37761377614
j21,23181.0,15792.0,32850.0,19767.0,10311.0,29691.0,1175.1818684355997,2056.0,557.2832135618206
j22,27339.0,25221.0,31239.0,22977.0,24774.0,27567.0,584.6626198083067,743.9,499.6507004177932
k1,13962.0,17727.0,12057.0,11277.0,21072.0,9768.0,1382.6130847696097,1147.0,1504.8575448469926
k2,12006.0,18654.0,9807.0,9462.0,23559.0,7620.0,1637.7906976744187,1125.0,1994.0803382663848
k3,10509.0,19689.0,8490.0,8055.0,25764.0,6264.0,1918.762425447316,1119.0,2523.867793240557
k4,9909.0,20655.0,8157.0,7455.0,27498.0,5841.0,2091.6204656199243,1113.0,2821.3676231727127
k5,8886.0,10527.0,7722.0,7287.0,12273.0,6444.0,3982.2804010349296,3593.0,4045.0300776196646
k6,8004.0,11238.0,6813.0,6432.0,13776.0,5484.0,4464.251256281407,3604.0,4867.857860732232
k7,7338.0,12057.0,6060.0,5766.0,15369.0,4704.0,5003.880674969868,3609.0,5886.918441141021
k8,6084.0,13884.0,4974.0,4539.0,18720.0,3501.0,6179.763663220088,3638.0,8094.594780896111
k9,5997.0,5631.0,4974.0,5025.0,6117.0,4320.0,10343.584337349397,10130.0,10038.463855421685
k10,5727.0,5796.0,4767.0,4767.0,6474.0,4116.0,10746.789621756798,10070.0,10661.79743669897
k11,5511.0,5931.0,4500.0,4575.0,6768.0,3822.0,11246.970290564806,10070.0,11559.294809010771
k12,5037.0,6084.0,3975.0,4128.0,7266.0,3285.0,12152.00845665962,10040.0,13185.017618040874
k13,19140.0,5163.0,3309.0,17427.0,4428.0,2658.0,4323.491797166294,6251.0,12732.741610738256
k14,5664.0,16872.0,5484.0,3936.0,23016.0,3708.0,6188.196294441664,3306.0,7060.635953930897
k15,5331.0,10260.0,30252.0,3693.0,4863.0,27990.0,12038.049398353389,11760.0,1027.7897403419884
k16,25317.0,29658.0,28029.0,20994.0,32721.0,23910.0,553.1160291970803,540.8,485.0620729927005
k17,6276.0,27720.0,28119.0,3375.0,31869.0,24192.0,4605.132113821139,2695.0,525.0711382113822
k18,21072.0,11820.0,27876.0,18375.0,6162.0,25572.0,1876.0877499514656,3422.0,1345.282469423413
k19,24486.0,15219.0,4680.0,21558.0,18630.0,3003.0,1362.9079847908747,806.4,5496.0912547528515
k20,23553.0,22044.0,24486.0,19908.0,22323.0,21186.0,705.9501673963431,870.5,665.3731650785477
k21,27147.0,25803.0,25548.0,22863.0,27357.0,21762.0,442.50654728595407,544.6,536.676329043089
k22,26058.0,21705.0,17388.0,22299.0,24039.0,14589.0,558.9930624380574,639.0,913.00792864222
l1,15690.0,21756.0,17544.0,12480.0,25164.0,14652.0,972.2398432397125,788.4,814.1478772044416
l2,13272.0,23481.0,16725.0,10176.0,28329.0,13797.0,1160.7145402708481,785.0,851.8620812544544
l3,11544.0,24933.0,16161.0,8514.0,30873.0,13119.0,1384.5965714285712,822.3,925.6748571428571
l4,11124.0,25239.0,15855.0,8118.0,31710.0,12747.0,1480.2333204782108,867.4,997.5267258002315
l5,9153.0,13053.0,9654.0,7287.0,15387.0,8028.0,3313.0452674897115,2821.0,2795.9958847736625
l6,7671.0,15093.0,9282.0,5805.0,18840.0,7467.0,3847.5186835790187,2803.0,2958.668837847103
l7,6687.0,17739.0,9117.0,4743.0,23046.0,7020.0,4494.817539947974,2809.0,3134.68115942029
l8,5970.0,21129.0,9066.0,3861.0,28290.0,6648.0,5132.91539081386,2808.0,3372.5414987912977
l9,5856.0,5700.0,5253.0,4908.0,6162.0,4590.0,10152.682060390764,9810.0,9078.17051509769
l10,5511.0,5970.0,5253.0,4563.0,6609.0,4539.0,10769.269102990032,9974.0,9380.560555723348
l11,5202.0,6192.0,5139.0,4245.0,6987.0,4386.0,11228.662546353524,9936.0,9539.911001236092
l12,4845.0,6321.0,4974.0,3924.0,7326.0,4206.0,11811.149825783974,9970.0,9799.464681659805
l13,22185.0,5661.0,3450.0,20355.0,4794.0,2721.0,3479.3715976331364,5043.0,11371.119526627215
l14,5868.0,19428.0,6033.0,3975.0,26787.0,3975.0,5351.489124936774,2731.0,5731.370257966617
l15,5715.0,12516.0,39510.0,3720.0,5286.0,36405.0,11794.306382978722,11080.0,700.161702127661
l16,30165.0,36639.0,36660.0,24882.0,39645.0,31392.0,451.5617726861622,354.6,262.87651492312335
l17,6828.0,33441.0,34971.0,3387.0,38115.0,30228.0,3767.983895019386,2046.0,288.01431553832373
l18,25830.0,14775.0,36147.0,22554.0,7497.0,32835.0,1266.5315762450796,2566.0,559.0480917336982
l19,28155.0,18066.0,5472.0,24858.0,22287.0,3477.0,980.9157360406092,469.6,4508.875126903554
l20,29064.0,33423.0,31608.0,23988.0,36537.0,26928.0,295.660512,299.3,362.799488
l21,26250.0,31098.0,27618.0,21636.0,34824.0,23373.0,350.62474226804125,329.6,381.6309278350515
l22,19320.0,27408.0,23667.0,15498.0,31326.0,20163.0,643.5636067708334,523.3,536.5869140625
gs0,4461.0,3213.0,3042.0,3732.0,3282.0,2634.0,19000.314937879226,19730.0,18276.330540306273
gs1,4743.0,3558.0,3375.0,3975.0,3669.0,2928.0,17431.428986349118,17910.0,16677.159453964567
gs2,5010.0,3840.0,3693.0,4206.0,3957.0,3207.0,15705.912387583407,16180.0,15053.455178416012
gs3,5355.0,4275.0,4089.0,4512.0,4398.0,3540.0,13910.150812064963,14300.0,13263.167053364274
gs4,5727.0,4704.0,4539.0,4794.0,4884.0,3924.0,12316.430020283977,12650.0,11689.611706751662
gs5,6123.0,5214.0,5112.0,5151.0,5433.0,4422.0,10713.977437084177,11020.0,10143.37286664738
gs6,6495.0,5700.0,5562.0,5445.0,5982.0,4833.0,9425.804159445406,9686.0,8866.243212016176
gs7,6993.0,6354.0,6123.0,5880.0,6711.0,5331.0,8201.190104166668,8433.0,7766.851562499998
gs8,7542.0,7005.0,6738.0,6342.0,7428.0,5892.0,7006.869489559164,7214.0,6701.404292343388
gs9,8181.0,7938.0,7608.0,6864.0,8481.0,6609.0,5900.178757980267,6044.0,5594.997098084735
gs10,8772.0,8694.0,8169.0,7338.0,9384.0,7056.0,5081.402499273467,5207.0,4843.826503923278
gs11,9447.0,9768.0,8961.0,7851.0,10668.0,7749.0,4281.350174216028,4365.0,4027.865853658537
gs12,10305.0,10905.0,9690.0,8580.0,12012.0,8271.0,3568.7352769679296,3642.0,3407.34052478134
gs13,11379.0,12273.0,10536.0,9513.0,13680.0,8925.0,2900.521229868228,2948.0,2783.982430453879
gs14,12774.0,14001.0,11967.0,10587.0,15693.0,10152.0,2344.774402831023,2365.0,2264.5694485402532
gs15,14346.0,15741.0,13695.0,11916.0,17625.0,11571.0,1838.407744206512,1863.0,1763.5379876796717
gs16,16161.0,17856.0,15561.0,13437.0,19932.0,13170.0,1416.0328111143956,1427.0,1375.1167602719481
gs17,18054.0,20088.0,18054.0,15063.0,22380.0,15408.0,1069.4649719184156,1080.0,1042.9677800768552
gs18,20535.0,23193.0,21072.0,17058.0,25578.0,17901.0,796.4233966745844,803.1,784.9777909738716
gs19,23412.0,26748.0,24600.0,19512.0,29670.0,20943.0,568.2992867756316,574.1,563.692838038633
gs20,25611.0,29997.0,27951.0,21264.0,33150.0,23949.0,407.2779142942763,407.4,406.17914294276295
gs21,26175.0,30585.0,28656.0,21762.0,33885.0,24588.0,337.2985263157894,337.4,340.0383157894736
gs22,26532.0,31134.0,29805.0,21954.0,34404.0,25521.0,294.1509675769351,276.557377,295.9709941883423
gs23,27912.0,31914.0,30777.0,23130.0,35118.0,26712.0,234.07567917205697,234.0,288.71604139715396
