patch r g b
a1 26000 33655 34280
a2 23122 34685 34630
a3 21597 35613 35548
a4 20852 35413 35048
a5 17080 20180 19232
a6 15440 22630 20617
a7 14140 25290 21555
a8 12902 28630 22567
a9 10655 9662 9185
a10 10217 10152 9652
a11 9910 10810 10335
a12 9600 11137 10452
a13 8747 6605 6265
a14 8640 6802 6297
a15 8577 6605 6412
a16 8630 6717 6412
a17 8492 6642 6382
a18 8460 6540 6275
a19 8662 6637 6137
a20 31040 39665 43338
a21 21567 35680 39298
a22 16750 33330 36783
b1 26575 34403 36593
b2 24487 35855 38713
b3 22867 36990 40065
b4 22185 37135 40065
b5 16962 21567 23090
b6 15812 24955 27940
b7 14650 29162 32552
b8 13595 32735 34920
b9 10750 9812 9760
b10 10400 10542 10910
b11 10037 11255 12062
b12 9792 11825 12872
b13 9332 6737 6392
b14 8662 7160 6412
b15 8705 7080 7512
b16 9557 7740 7522
b17 8747 7640 7512
b18 9345 7105 7382
b19 9260 7072 6285
b20 27235 38465 42335
b21 18115 34423 38148
b22 11357 14292 15770
c1 24902 30672 33598
c2 23900 32425 37348
c3 23367 34103 40525
c4 22675 33575 40483
c5 13330 14602 17282
c6 12967 17715 25817
c7 12680 20735 34588
c8 12615 22227 37488
c9 10112 9062 9407
c10 9962 9827 11282
c11 9770 10522 13255
c12 9675 11145 14822
c13 10122 6850 6360
c14 8865 7807 6605
c15 8747 7415 8502
c16 10580 8772 8747
c17 8950 8617 8672
c18 10217 7552 8555
c19 10142 7680 6412
c20 30720 39788 44093
c21 12582 20410 25275
c22 10687 11815 13052
d1 26160 30687 34705
d2 26457 32015 38255
d3 26617 33038 41590
d4 25647 31987 41120
d5 13010 12357 15215
d6 13307 14385 23272
d7 13990 16732 34078
d8 14577 18167 40535
d9 9717 8202 8577
d10 9845 8817 10517
d11 9877 9322 12435
d12 10315 11150 20575
d13 11092 6957 6402
d14 9025 8540 6755
d15 8812 7840 9910
d16 11827 10137 10197
d17 9237 10010 10112
d18 11272 8150 10037
d19 11357 8475 6627
d20 16100 26570 32840
d21 13680 14362 16505
d22 10357 10687 12265
e1 27705 30875 35123
e2 28877 31817 39458
e3 29975 32412 42388
e4 29717 31657 42815
e5 18520 16985 21280
e6 19990 18677 29805
e7 22045 20142 38213
e8 24177 20975 43423
e9 11687 9790 10580
e10 12157 10302 12670
e11 12625 10692 14597
e12 13905 11645 20937
e13 12210 7085 6392
e14 9227 9472 6915
e15 9002 8492 11890
e16 13585 12012 12402
e17 9695 11720 11912
e18 12647 8907 12040
e19 12742 9397 6872
e20 12935 26052 36335
e21 14885 22807 33108
e22 11507 15182 20330
f1 31807 37588 40865
f2 32595 37673 42273
f3 33075 37465 43540
f4 33235 36933 43550
f5 24902 21540 24507
f6 28375 21880 28675
f7 30860 22520 33373
f8 32212 23127 38318
f9 11912 9497 9750
f10 12595 9642 10442
f11 13147 9577 10922
f12 15045 9295 12072
f13 13627 7260 6435
f14 9440 10580 7107
f15 9260 9332 14395
f16 15962 14527 15097
f17 10132 14027 14235
f18 14395 9790 14385
f19 14672 10515 7052
f20 13000 14335 17635
f21 11187 13557 18242
f22 10420 11457 14352
g1 30932 33180 34600
g2 31817 32557 34035
g3 32190 31407 33533
g4 32340 30917 32980
g5 22600 17372 18072
g6 26032 16675 18072
g7 28727 16035 18072
g8 30122 15757 18115
g9 11932 9280 9172
g10 12765 9215 9387
g11 13585 9182 9492
g12 15940 8517 9067
g13 15355 7547 6585
g14 9792 12082 7372
g15 9482 10152 17292
g16 18487 17537 18115
g17 10655 16700 16717
g18 16237 10680 17207
g19 16932 11922 7277
g20 11187 12107 15930
g21 11390 13392 20672
g22 10602 15380 35048
h1 30560 32562 31755
h2 31370 31140 28397
h3 31797 29600 24902
h4 31967 27955 23122
h5 21960 17052 15822
h6 25105 15800 13947
h7 27620 14602 12157
h8 28822 13772 10707
h9 11987 9247 8757
h10 12552 9092 8395
h11 13245 8715 7862
h12 15312 8080 6722
h13 17335 7825 6647
h14 10270 13980 7820
h15 9717 11145 20820
h16 21887 21885 22377
h17 11252 19940 20140
h18 18487 11875 20767
h19 19892 13660 7555
h20 10792 11070 15865
h21 12062 10930 12435
h22 11772 11437 18710
i1 27725 27772 23730
i2 28492 25535 18487
i3 29325 23655 15025
i4 30080 20782 11325
i5 17900 15290 13660
i6 18667 14852 11870
i7 19392 14337 10495
i8 22120 12365 7320
i9 11602 9460 8757
i10 11602 9300 8267
i11 11817 9265 7820
i12 12105 8782 6840
i13 19477 8090 6732
i14 10762 16072 8235
i15 9910 12317 25360
i16 25840 27897 28215
i17 11945 24315 24635
i18 21097 13515 25872
i19 23420 15940 8117
i20 11060 10207 15695
i21 20682 18715 34313
i22 13680 9752 14277
j1 30442 35733 32062
j2 30240 33745 25200
j3 30485 31715 19477
j4 30730 26325 11390
j5 19157 18125 15630
j6 18912 17715 13425
j7 18837 17350 11465
j8 18680 15875 8097
j9 11422 9557 8747
j10 11262 9530 8320
j11 11177 9450 7745
j12 11027 9227 6850
j13 21897 8400 6787
j14 11325 18352 8767
j15 10282 13957 31497
j16 29805 34790 36325
j17 12807 29530 30497
j18 24667 15977 33448
j19 26777 18967 8832
j20 13552 9295 12242
j21 30135 24495 42923
j22 31957 36175 43253
k1 24252 28887 24177
k2 21907 28455 19392
k3 20010 27997 16292
k4 19287 28322 15280
k5 16335 16367 13905
k6 15300 17032 12307
k7 14267 17550 10942
k8 12295 18235 8470
k9 11060 9667 8695
k10 10612 9752 8247
k11 10357 9967 7800
k12 9727 10095 6925
k13 24252 8785 6990
k14 11975 21162 9440
k15 10570 15310 36293
k16 32692 40103 43188
k17 13725 33890 35293
k18 28257 18865 40653
k19 29142 23197 10080
k20 31072 34088 39703
k21 31870 36895 40568
k22 30870 33433 33320
l1 26287 34120 32637
l2 23825 34550 30912
l3 21780 34348 29430
l4 21237 34045 28440
l5 17262 19920 17550
l6 15567 21890 16730
l7 14107 24177 15802
l8 12902 26547 14842
l9 10910 9845 9015
l10 10420 10122 8950
l11 10057 10462 8865
l12 9590 10777 8705
l13 25967 9552 7352
l14 12840 23980 10367
l15 10942 16435 39023
l16 33993 42858 47333
l17 14715 36080 38308
l18 30975 22477 44935
l19 30187 27257 11847
l20 32575 40400 44413
l21 31967 39553 42900
l22 29430 37125 39010
gs0 8267 6020 5305
gs1 8705 6585 5902
gs2 9185 7107 6572
gs3 9707 7595 7095
gs4 10367 8305 7905
gs5 11145 9135 8927
gs6 11847 9972 9845
gs7 12785 10937 10965
gs8 13852 11970 12007
gs9 14970 13227 13320
gs10 16152 14410 14620
gs11 17452 16110 16440
gs12 18807 17645 17975
gs13 20617 19897 20127
gs14 22377 22450 22482
gs15 24517 25595 25817
gs16 26627 29042 29312
gs17 28482 32280 33098
gs18 29815 34935 36495
gs19 30912 37118 39448
gs20 31445 38525 41590
gs21 31477 38653 42378
gs22 31412 38450 42623
gs23 31370 38143 42528
