patch r g b
a1 26287 33740 35973
a2 22632 36133 37433
a3 20650 38423 39650
a4 20022 38170 39043
a5 15907 19670 19585
a6 14172 21817 20875
a7 13020 24545 22322
a8 12105 28555 23890
a9 10400 9050 9057
a10 9910 9365 9205
a11 9515 9795 9557
a12 9172 10115 9822
a13 8470 6097 5977
a14 8300 6285 6062
a15 8117 5960 5912
a16 8130 5982 5807
a17 8045 5917 5827
a18 7905 5747 5625
a19 8182 5862 5572
a20 35035 42623 48015
a21 20022 37530 44563
a22 15375 34893 42485
b1 27310 34795 39438
b2 24252 37678 43635
b3 22302 40235 47238
b4 21482 40278 47898
b5 15717 21022 24060
b6 14437 24210 29570
b7 13565 28822 36613
b8 12807 33580 42198
b9 10462 9187 9407
b10 9897 9595 10132
b11 9482 10075 10985
b12 9162 10580 11922
b13 9035 6142 6030
b14 8385 6595 6115
b15 8225 6337 6807
b16 9110 6840 6722
b17 8267 6792 6765
b18 8865 6237 6562
b19 8822 6290 5625
b20 27512 40870 47450
b21 16730 36688 44413
b22 10377 13125 15280
c1 24945 29777 35538
c2 23687 32382 42218
c3 23037 35008 48025
c4 22280 34560 48783
c5 12497 13840 17272
c6 11912 16957 27160
c7 11635 20607 39863
c8 11667 22625 46225
c9 9812 8417 9057
c10 9505 8895 10400
c11 9120 9402 12105
c12 8897 9910 13725
c13 9995 6355 6052
c14 8492 7032 6125
c15 8267 6672 7830
c16 10057 7797 7725
c17 8460 7655 7735
c18 9727 6710 7627
c19 9802 6882 5742
c20 34130 42760 49465
c21 11347 19252 26340
c22 9910 10600 12040
d1 26937 29722 36698
d2 27332 31747 43443
d3 27982 33470 49795
d4 26810 32590 50478
d5 12392 11677 14885
d6 12467 13782 23677
d7 12872 16642 37093
d8 13532 19142 48558
d9 9440 7547 8235
d10 9387 7937 9610
d11 9270 8320 11295
d12 9365 10142 19830
d13 10965 6482 6062
d14 8630 7685 6242
d15 8215 6957 8875
d16 11325 9130 9077
d17 8610 8692 8865
d18 10815 7207 8630
d19 10942 7622 5935
d20 14300 25067 34940
d21 12530 13245 15482
d22 9665 9472 11037
e1 29442 29652 37220
e2 31572 31392 44903
e3 33790 32642 51095
e4 33693 32212 51958
e5 17815 16750 21982
e6 19532 18520 31915
e7 21930 20472 43038
e8 25137 22190 52128
e9 11272 8987 10025
e10 11560 9275 11432
e11 11880 9635 13117
e12 12967 10802 19957
e13 12125 6625 6062
e14 8780 8400 6297
e15 8225 7330 10345
e16 12700 10735 10825
e17 8885 10190 10495
e18 11932 7750 10122
e19 12307 8550 6115
e20 11667 25385 43668
e21 13435 22135 36518
e22 10410 14027 20330
f1 38105 39260 45340
f2 39970 39608 48325
f3 41068 39825 51180
f4 41493 39405 52225
f5 26467 21112 25712
f6 32160 21287 30102
f7 36720 22040 35100
f8 39235 23227 42133
f9 11602 8817 9195
f10 12190 8780 9440
f11 12755 8762 9877
f12 14640 8602 10922
f13 13725 6822 6095
f14 9077 9510 6542
f15 8277 7877 12295
f16 14490 12850 12967
f17 9237 12172 12775
f18 13532 8550 12307
f19 14182 9652 6265
f20 11752 12882 16302
f21 10100 12142 17347
f22 9492 10042 13000
g1 35963 32665 35238
g2 38745 32162 35410
g3 40003 31450 35580
g4 40428 30857 35100
g5 23560 17112 18487
g6 29462 16450 17965
g7 35133 16040 18145
g8 37968 15800 18040
g9 11805 8767 8917
g10 12497 8522 8725
g11 13320 8507 8715
g12 16100 7890 8235
g13 15737 7062 6190
g14 9365 10962 6862
g15 8332 8607 15130
g16 16802 15760 16067
g17 9632 14815 15717
g18 15385 9567 14980
g19 16665 11202 6572
g20 10132 10537 14287
g21 10197 11975 19617
g22 9387 15275 39970
h1 35153 31790 31625
h2 37903 30447 27780
h3 39863 29537 24912
h4 40003 27825 23047
h5 22695 16882 15920
h6 28387 15667 13595
h7 34323 14820 11912
h8 37710 14202 10495
h9 11817 8742 8407
h10 12337 8495 7927
h11 13075 8192 7405
h12 15600 7575 6340
h13 18507 7315 6212
h14 9770 12897 7117
h15 8395 9577 18997
h16 20287 19722 20427
h17 10122 18177 19787
h18 18177 10920 19265
h19 20587 13222 6830
h20 9760 9600 14107
h21 11135 9507 10547
h22 10612 10127 17292
i1 29505 26340 22825
i2 32072 24492 17592
i3 34963 23202 14300
i4 38980 21207 10890
i5 17507 15135 13542
i6 18530 14507 11357
i7 19690 14107 10047
i8 25552 12695 7467
i9 11357 8865 8375
i10 11357 8645 7787
i11 11572 8580 7395
i12 11880 8140 6382
i13 22152 7575 6095
i14 10207 15205 7457
i15 8545 10857 24102
i16 25275 25375 27002
i17 10730 22422 24945
i18 21897 12690 24827
i19 25817 15945 7362
i20 10015 8847 13820
i21 19532 17677 35440
i22 12647 8635 12540
j1 35378 37125 32307
j2 35090 35365 24795
j3 36518 33453 18582
j4 40290 28460 11230
j5 18647 17947 15727
j6 18412 17512 13202
j7 18317 17067 10952
j8 18667 16260 8012
j9 11177 8927 8277
j10 10995 8810 7735
j11 10910 8715 7277
j12 10782 8507 6457
j13 26787 7957 6200
j14 10740 18050 8012
j15 8800 12812 31827
j16 31667 33448 36635
j17 11560 28105 33183
j18 26787 15385 33320
j19 31595 19052 7927
j20 12742 8107 10377
j21 34183 23637 48570
j22 38170 37300 49453
k1 24347 28317 24327
k2 21130 28647 18945
k3 18945 29062 15845
k4 18412 29985 14875
k5 15630 16152 13777
k6 14470 16722 11912
k7 13542 17222 10302
k8 11997 18657 8235
k9 10762 8955 8257
k10 10400 9050 7767
k11 10047 9172 7320
k12 9387 9177 6487
k13 30827 8517 6350
k14 11465 21470 8620
k15 9152 14880 40088
k16 37838 42208 46578
k17 12615 34300 40940
k18 32212 18790 43328
k19 36155 23485 8885
k20 35613 33128 41760
k21 38243 38333 44573
k22 37018 33985 34035
l1 27492 35045 34643
l2 23420 36208 32170
l3 20852 36880 30742
l4 20297 36713 29580
l5 16207 19430 17390
l6 14362 21380 16237
l7 13180 23820 15385
l8 12125 26787 14257
l9 10505 8975 8427
l10 10005 9232 8320
l11 9695 9520 8182
l12 9120 9577 7852
l13 34013 9412 6660
l14 12350 25022 9525
l15 9652 16840 46705
l16 41685 47978 54398
l17 13872 39598 46405
l18 36325 22525 51520
l19 38660 28682 10400
l20 40065 45118 50233
l21 38745 43688 47728
l22 32755 40448 43240
gs0 8075 5640 5242
gs1 8577 6167 5775
gs2 9015 6540 6275
gs3 9567 7020 6755
gs4 10112 7595 7362
gs5 10762 8295 8140
gs6 11422 8980 8842
gs7 12190 9860 9760
gs8 13052 10807 10697
gs9 14000 12060 11945
gs10 15025 13335 13372
gs11 16270 15035 15237
gs12 17655 16497 16877
gs13 19402 18540 19010
gs14 21492 20965 21780
gs15 24060 23660 25350
gs16 27130 27057 28610
gs17 30380 31060 33395
gs18 33395 35068 38328
gs19 35943 39138 43060
gs20 37838 42250 46885
gs21 38340 42953 48293
gs22 38445 43140 49273
gs23 38788 43310 48953
