patch,r,g,b,refR,refG,refB,refX,refY,refZ
a1,2674.0,4121.0,3196.0,0,0,0,3.6,3.01,2.05
a2,2417.0,4463.0,3269.0,0,0,0,4.42,2.97,1.76
a3,2272.0,4803.0,3428.0,0,0,0,5.12,3.01,1.46
a4,2209.0,4785.0,3343.0,0,0,0,5.65,3.26,1.6
a5,1688.0,2341.0,1718.0,0,0,0,12.71,10.97,7.93
a6,1505.0,2646.0,1798.0,0,0,0,15.07,11.1,6.97
a7,1380.0,3021.0,1883.0,0,0,0,17.42,11.1,6.06
a8,1249.0,3531.0,1943.0,0,0,0,20.36,11.07,5.12
a9,1042.0,1071.0,771.0,0,0,0,40.62,39.94,31.49
a10,988.0,1114.0,803.0,0,0,0,42.88,40.04,30.47
a11,944.0,1173.0,841.0,0,0,0,45.09,40.03,29.12
a12,904.0,1211.0,864.0,0,0,0,46.77,39.85,28.06
a13,852.0,716.0,513.0,0,0,0,71.78,75.46,63.09
a14,835.0,741.0,523.0,0,0,0,71.91,73.14,62.17
a15,832.0,720.0,528.0,0,0,0,74.11,76.98,63.06
a16,835.0,723.0,516.0,0,0,0,72.73,75.12,62.6
a17,826.0,721.0,526.0,0,0,0,74.05,76.81,62.33
a18,827.0,710.0,511.0,0,0,0,74.16,77.19,62.97
a19,858.0,729.0,500.0,0,0,0,69.16,71.7,62.05
a20,3712.0,5917.0,4695.0,0,0,0,1.37,1.12,0.78
a21,2322.0,5092.0,4236.0,0,0,0,5.17,3.27,0.85
a22,1768.0,4805.0,3922.0,0,0,0,10.35,5.9,0.91
b1,2763.0,4270.0,3537.0,0,0,0,3.35,2.93,1.63
b2,2576.0,4709.0,4007.0,0,0,0,3.98,2.94,1.07
b3,2419.0,5050.0,4283.0,0,0,0,4.71,3.09,0.74
b4,2358.0,5116.0,4323.0,0,0,0,5.08,3.21,0.69
b5,1686.0,2518.0,2086.0,0,0,0,12.86,11.1,5.86
b6,1570.0,2967.0,2534.0,0,0,0,14.66,11.01,3.94
b7,1457.0,3589.0,3118.0,0,0,0,16.97,10.94,2.28
b8,1354.0,4309.0,3581.0,0,0,0,19.7,11.01,1.2
b9,1048.0,1085.0,813.0,0,0,0,40.39,40.01,29.68
b10,994.0,1154.0,909.0,0,0,0,42.59,40.11,26.44
b11,956.0,1241.0,1014.0,0,0,0,44.29,39.94,23.52
b12,919.0,1288.0,1080.0,0,0,0,45.98,39.89,21.17
b13,920.0,731.0,519.0,0,0,0,65.55,71.21,61.79
b14,843.0,781.0,528.0,0,0,0,68.8,67.99,60.07
b15,834.0,759.0,607.0,0,0,0,71.26,74.48,51.88
b16,934.0,846.0,610.0,0,0,0,57.82,60.0,49.14
b17,846.0,832.0,608.0,0,0,0,65.61,64.93,49.68
b18,920.0,774.0,601.0,0,0,0,62.84,68.83,51.29
b19,921.0,779.0,504.0,0,0,0,60.77,62.73,59.44
b20,2934.0,5554.0,4576.0,0,0,0,2.87,2.06,0.8
b21,1937.0,5013.0,4120.0,0,0,0,8.37,4.88,0.88
b22,1105.0,1656.0,1408.0,0,0,0,29.02,24.67,11.91
c1,2547.0,3585.0,3161.0,0,0,0,4.49,4.31,2.29
c2,2486.0,3974.0,3827.0,0,0,0,4.9,4.37,1.42
c3,2450.0,4338.0,4400.0,0,0,0,5.13,4.3,0.82
c4,2374.0,4259.0,4450.0,0,0,0,5.7,4.77,0.85
c5,1292.0,1668.0,1546.0,0,0,0,23.78,22.59,10.89
c6,1265.0,2055.0,2379.0,0,0,0,25.55,22.41,5.5
c7,1241.0,2537.0,3589.0,0,0,0,27.72,22.42,2.39
c8,1247.0,2822.0,4259.0,0,0,0,28.7,22.23,1.28
c9,983.0,994.0,774.0,0,0,0,46.89,47.28,32.4
c10,949.0,1074.0,933.0,0,0,0,48.17,47.13,26.63
c11,929.0,1172.0,1135.0,0,0,0,49.81,47.42,21.58
c12,915.0,1246.0,1292.0,0,0,0,50.47,46.85,18.1
c13,1009.0,754.0,522.0,0,0,0,58.24,65.94,60.94
c14,859.0,846.0,539.0,0,0,0,64.18,60.73,57.45
c15,846.0,813.0,707.0,0,0,0,68.73,71.96,42.7
c16,1040.0,976.0,712.0,0,0,0,45.88,47.73,38.75
c17,862.0,945.0,702.0,0,0,0,58.66,55.64,39.4
c18,1016.0,842.0,700.0,0,0,0,53.28,61.12,41.61
c19,1017.0,853.0,513.0,0,0,0,50.72,52.04,56.28
c20,3591.0,5890.0,4843.0,0,0,0,1.7,1.45,0.76
c21,1250.0,2479.0,2356.0,0,0,0,22.87,17.19,4.72
c22,1042.0,1348.0,1123.0,0,0,0,34.53,31.48,17.4
d1,2714.0,3606.0,3284.0,0,0,0,4.16,4.32,2.27
d2,2762.0,3873.0,3953.0,0,0,0,4.07,4.26,1.47
d3,2799.0,4126.0,4583.0,0,0,0,4.08,4.3,0.89
d4,2685.0,3976.0,4619.0,0,0,0,4.69,4.91,0.92
d5,1269.0,1418.0,1351.0,0,0,0,26.68,27.74,13.94
d6,1312.0,1679.0,2114.0,0,0,0,26.33,27.41,7.43
d7,1392.0,2072.0,3364.0,0,0,0,26.1,27.43,3.6
d8,1474.0,2476.0,4691.0,0,0,0,25.91,27.31,1.65
d9,942.0,889.0,694.0,0,0,0,53.02,55.12,37.61
d10,940.0,955.0,859.0,0,0,0,52.96,55.14,30.47
d11,949.0,1030.0,1047.0,0,0,0,52.49,54.62,24.44
d12,998.0,1314.0,1902.0,0,0,0,52.17,54.65,11.69
d13,1120.0,793.0,547.0,0,0,0,51.28,60.55,59.94
d14,877.0,934.0,558.0,0,0,0,58.99,52.82,54.44
d15,852.0,866.0,824.0,0,0,0,66.07,69.08,34.69
d16,1162.0,1133.0,834.0,0,0,0,35.35,36.71,29.94
d17,890.0,1103.0,839.0,0,0,0,51.68,46.54,30.64
d18,1122.0,921.0,825.0,0,0,0,44.32,53.48,33.27
d19,1131.0,949.0,536.0,0,0,0,41.16,41.63,52.5
d20,1617.0,3250.0,3126.0,0,0,0,13.96,10.52,2.72
d21,1347.0,1681.0,1475.0,0,0,0,21.28,20.6,11.58
d22,1012.0,1215.0,1051.0,0,0,0,38.28,36.52,19.91
e1,2910.0,3584.0,3314.0,0,0,0,3.71,4.2,2.3
e2,3104.0,3811.0,4074.0,0,0,0,3.39,4.21,1.48
e3,3302.0,4035.0,4758.0,0,0,0,3.12,4.17,0.94
e4,3264.0,3935.0,4841.0,0,0,0,3.34,4.54,0.97
e5,1869.0,2006.0,1959.0,0,0,0,12.46,14.03,7.52
e6,2030.0,2236.0,2821.0,0,0,0,11.51,14.17,4.54
e7,2254.0,2558.0,4029.0,0,0,0,10.28,14.01,2.58
e8,2487.0,2848.0,5095.0,0,0,0,9.41,13.94,1.45
e9,1131.0,1077.0,868.0,0,0,0,37.32,40.04,27.82
e10,1171.0,1140.0,1048.0,0,0,0,36.12,40.08,23.52
e11,1220.0,1208.0,1237.0,0,0,0,34.48,39.54,19.51
e12,1378.0,1414.0,1943.0,0,0,0,31.25,39.49,11.51
e13,1235.0,820.0,550.0,0,0,0,44.56,54.93,58.76
e14,894.0,1030.0,567.0,0,0,0,53.83,45.36,51.25
e15,863.0,936.0,989.0,0,0,0,63.56,66.14,27.3
e16,1313.0,1345.0,1021.0,0,0,0,26.43,27.39,22.31
e17,919.0,1297.0,1008.0,0,0,0,45.25,38.47,22.96
e18,1253.0,1026.0,1003.0,0,0,0,36.26,46.15,25.81
e19,1273.0,1063.0,559.0,0,0,0,32.7,32.33,48.49
e20,1297.0,3381.0,4140.0,0,0,0,24.1,16.56,1.28
e21,1507.0,2868.0,3365.0,0,0,0,16.87,13.84,2.61
e22,1135.0,1815.0,1898.0,0,0,0,29.42,25.29,8.09
f1,3889.0,4957.0,4170.0,0,0,0,1.44,1.82,1.33
f2,4132.0,4997.0,4492.0,0,0,0,1.14,1.81,1.11
f3,4272.0,5013.0,4780.0,0,0,0,0.96,1.86,0.95
f4,4301.0,4896.0,4782.0,0,0,0,1.04,2.07,1.04
f5,2581.0,2499.0,2263.0,0,0,0,6.56,8.17,5.7
f6,3035.0,2525.0,2612.0,0,0,0,5.29,8.1,4.88
f7,3544.0,2628.0,3101.0,0,0,0,4.12,7.88,4.01
f8,3915.0,2772.0,3740.0,0,0,0,3.17,7.93,3.15
f9,1163.0,1051.0,801.0,0,0,0,36.82,39.95,31.21
f10,1220.0,1063.0,852.0,0,0,0,35.06,39.82,30.35
f11,1282.0,1075.0,903.0,0,0,0,33.34,39.72,28.68
f12,1483.0,1092.0,1033.0,0,0,0,28.72,39.6,25.54
f13,1389.0,858.0,557.0,0,0,0,37.91,49.0,57.14
f14,918.0,1154.0,590.0,0,0,0,48.68,38.42,47.78
f15,872.0,1020.0,1196.0,0,0,0,61.43,63.43,21.2
f16,1537.0,1629.0,1262.0,0,0,0,19.07,19.84,16.29
f17,960.0,1549.0,1214.0,0,0,0,39.69,31.74,17.01
f18,1418.0,1149.0,1227.0,0,0,0,29.06,39.29,19.71
f19,1465.0,1204.0,588.0,0,0,0,25.36,24.37,44.23
f20,1265.0,1644.0,1559.0,0,0,0,25.51,24.4,11.61
f21,1083.0,1576.0,1658.0,0,0,0,32.92,29.82,10.41
f22,1008.0,1319.0,1265.0,0,0,0,37.76,35.31,15.44
g1,3595.0,3930.0,3128.0,0,0,0,2.24,2.84,2.62
g2,3931.0,3846.0,3097.0,0,0,0,1.8,2.81,2.81
g3,4096.0,3722.0,3027.0,0,0,0,1.51,2.88,3.06
g4,4104.0,3603.0,2985.0,0,0,0,1.63,3.14,3.31
g5,2267.0,2009.0,1631.0,0,0,0,9.02,11.02,9.72
g6,2673.0,1941.0,1617.0,0,0,0,7.51,10.82,10.37
g7,3151.0,1872.0,1585.0,0,0,0,6.21,10.78,10.87
g8,3534.0,1814.0,1529.0,0,0,0,4.84,10.54,11.46
g9,1176.0,1034.0,759.0,0,0,0,36.78,40.1,33.33
g10,1251.0,1025.0,768.0,0,0,0,34.81,40.06,34.24
g11,1332.0,1031.0,781.0,0,0,0,32.74,39.52,34.75
g12,1580.0,988.0,752.0,0,0,0,28.17,39.67,37.32
g13,1551.0,894.0,561.0,0,0,0,32.34,43.69,55.43
g14,949.0,1318.0,616.0,0,0,0,43.33,31.66,43.84
g15,899.0,1143.0,1502.0,0,0,0,59.44,60.7,15.78
g16,1814.0,2011.0,1580.0,0,0,0,13.19,13.68,11.25
g17,1013.0,1899.0,1488.0,0,0,0,34.42,25.62,11.79
g18,1609.0,1294.0,1527.0,0,0,0,22.98,33.15,14.47
g19,1693.0,1375.0,613.0,0,0,0,19.22,17.59,39.78
g20,1081.0,1374.0,1386.0,0,0,0,35.48,34.29,14.35
g21,1108.0,1562.0,1874.0,0,0,0,33.68,32.18,9.03
g22,1060.0,2104.0,4004.0,0,0,0,44.97,41.42,2.73
h1,3518.0,3817.0,2760.0,0,0,0,2.48,2.9,3.3
h2,3813.0,3597.0,2419.0,0,0,0,2.18,2.89,4.31
h3,4009.0,3413.0,2136.0,0,0,0,1.91,2.82,5.47
h4,4001.0,3176.0,1980.0,0,0,0,2.07,3.18,6.44
h5,2187.0,1965.0,1411.0,0,0,0,9.54,10.9,11.81
h6,2542.0,1818.0,1205.0,0,0,0,8.56,10.92,15.18
h7,2992.0,1683.0,1013.0,0,0,0,7.56,10.8,18.87
h8,3392.0,1582.0,859.0,0,0,0,6.47,10.48,23.24
h9,1177.0,1023.0,712.0,0,0,0,37.1,39.87,36.01
h10,1227.0,998.0,676.0,0,0,0,35.94,39.86,39.41
h11,1306.0,986.0,648.0,0,0,0,34.77,40.11,43.54
h12,1535.0,931.0,557.0,0,0,0,31.37,39.86,53.6
h13,1752.0,931.0,563.0,0,0,0,27.4,38.66,53.54
h14,990.0,1537.0,647.0,0,0,0,38.54,25.97,40.04
h15,926.0,1283.0,1865.0,0,0,0,57.65,58.09,11.55
h16,2183.0,2508.0,1972.0,0,0,0,8.79,9.09,7.52
h17,1082.0,2350.0,1815.0,0,0,0,30.0,20.76,7.97
h18,1870.0,1479.0,1920.0,0,0,0,17.94,27.73,10.39
h19,2005.0,1594.0,642.0,0,0,0,14.43,12.32,35.59
h20,1037.0,1260.0,1384.0,0,0,0,40.11,40.56,15.11
h21,1179.0,1238.0,1042.0,0,0,0,30.41,31.53,20.14
h22,1156.0,1364.0,1704.0,0,0,0,34.18,37.07,11.1
i1,2895.0,3103.0,2010.0,0,0,0,4.16,4.25,5.57
i2,3056.0,2822.0,1558.0,0,0,0,4.22,4.26,8.42
i3,3290.0,2621.0,1253.0,0,0,0,4.25,4.23,11.7
i4,3642.0,2272.0,901.0,0,0,0,4.3,4.22,18.88
i5,1766.0,1756.0,1185.0,0,0,0,13.9,14.27,15.06
i6,1834.0,1685.0,1007.0,0,0,0,13.87,14.18,19.13
i7,1889.0,1610.0,870.0,0,0,0,14.09,14.3,23.57
i8,2224.0,1412.0,612.0,0,0,0,14.17,14.28,37.97
i9,1135.0,1047.0,716.0,0,0,0,38.44,39.68,35.7
i10,1144.0,1020.0,671.0,0,0,0,38.68,39.92,39.37
i11,1166.0,1021.0,644.0,0,0,0,38.82,39.95,43.1
i12,1200.0,979.0,560.0,0,0,0,39.39,40.48,52.11
i13,2001.0,978.0,571.0,0,0,0,22.98,33.84,51.3
i14,1034.0,1812.0,682.0,0,0,0,33.71,20.65,35.93
i15,959.0,1459.0,2351.0,0,0,0,55.88,55.42,8.16
i16,2646.0,3202.0,2502.0,0,0,0,5.48,5.63,4.71
i17,1165.0,2947.0,2226.0,0,0,0,25.84,16.48,5.07
i18,2179.0,1709.0,2434.0,0,0,0,13.69,22.84,7.12
i19,2417.0,1885.0,687.0,0,0,0,10.53,8.11,31.26
i20,1085.0,1203.0,1401.0,0,0,0,40.46,44.14,15.57
i21,2124.0,2368.0,3476.0,0,0,0,10.6,14.14,3.33
i22,1352.0,1173.0,1242.0,0,0,0,27.73,35.54,16.85
j1,3548.0,4528.0,2818.0,0,0,0,2.03,1.81,2.98
j2,3510.0,4215.0,2169.0,0,0,0,2.43,1.89,4.86
j3,3578.0,3872.0,1658.0,0,0,0,2.75,1.86,7.76
j4,3804.0,3004.0,939.0,0,0,0,3.89,1.92,19.02
j5,1905.0,2098.0,1393.0,0,0,0,11.37,11.02,11.93
j6,1867.0,2037.0,1173.0,0,0,0,12.09,11.01,15.55
j7,1838.0,1949.0,969.0,0,0,0,13.09,11.24,20.23
j8,1835.0,1797.0,680.0,0,0,0,15.11,11.12,33.57
j9,1122.0,1051.0,715.0,0,0,0,39.41,40.08,36.29
j10,1100.0,1033.0,667.0,0,0,0,40.38,40.15,39.28
j11,1094.0,1028.0,625.0,0,0,0,41.5,40.42,43.68
j12,1094.0,1016.0,562.0,0,0,0,43.0,40.44,51.03
j13,2296.0,1036.0,577.0,0,0,0,19.05,29.21,48.71
j14,1090.0,2144.0,735.0,0,0,0,29.51,16.47,32.13
j15,1002.0,1721.0,3088.0,0,0,0,54.05,52.52,5.29
j16,3288.0,4325.0,3414.0,0,0,0,3.1,3.21,2.66
j17,1267.0,3735.0,2869.0,0,0,0,22.32,13.18,2.86
j18,2613.0,2079.0,3293.0,0,0,0,10.1,18.32,4.5
j19,2967.0,2230.0,749.0,0,0,0,7.58,5.05,27.03
j20,1358.0,1104.0,1049.0,0,0,0,29.46,37.68,22.04
j21,3522.0,3242.0,5058.0,0,0,0,4.0,7.61,1.46
j22,4153.0,5153.0,4976.0,0,0,0,1.27,2.04,0.96
k1,2492.0,3329.0,2088.0,0,0,0,5.15,4.32,5.09
k2,2248.0,3378.0,1687.0,0,0,0,6.39,4.32,7.23
k3,2041.0,3422.0,1419.0,0,0,0,7.75,4.37,9.62
k4,1947.0,3496.0,1319.0,0,0,0,8.62,4.45,11.15
k5,1619.0,1903.0,1230.0,0,0,0,15.56,14.22,14.49
k6,1486.0,1943.0,1046.0,0,0,0,17.79,14.33,18.03
k7,1374.0,1985.0,901.0,0,0,0,20.02,14.38,21.96
k8,1186.0,2094.0,701.0,0,0,0,25.52,14.48,31.69
k9,1087.0,1059.0,711.0,0,0,0,40.84,40.34,36.15
k10,1039.0,1063.0,672.0,0,0,0,42.98,40.37,39.23
k11,1007.0,1078.0,633.0,0,0,0,44.92,40.27,42.42
k12,946.0,1099.0,568.0,0,0,0,48.93,40.18,48.91
k13,2638.0,1095.0,580.0,0,0,0,15.44,24.54,45.44
k14,1161.0,2554.0,801.0,0,0,0,25.29,12.75,27.93
k15,1059.0,2047.0,4011.0,0,0,0,52.06,49.38,3.26
k16,4039.0,5738.0,4535.0,0,0,0,1.54,1.61,1.35
k17,1397.0,4748.0,3629.0,0,0,0,18.93,10.33,1.47
k18,3175.0,2576.0,4437.0,0,0,0,6.97,13.97,2.67
k19,3523.0,2691.0,833.0,0,0,0,5.37,2.89,22.62
k20,3791.0,4435.0,4087.0,0,0,0,2.28,3.02,1.91
k21,4141.0,5224.0,4307.0,0,0,0,1.26,1.72,1.49
k22,3964.0,4444.0,3139.0,0,0,0,1.62,2.1,2.79
l1,2818.0,4265.0,3037.0,0,0,0,3.58,2.92,2.64
l2,2523.0,4451.0,2818.0,0,0,0,4.48,2.96,2.93
l3,2325.0,4583.0,2662.0,0,0,0,5.39,3.12,3.23
l4,2268.0,4563.0,2560.0,0,0,0,5.95,3.4,3.57
l5,1723.0,2324.0,1556.0,0,0,0,12.96,11.08,9.97
l6,1531.0,2585.0,1471.0,0,0,0,15.38,10.99,10.69
l7,1364.0,2858.0,1345.0,0,0,0,18.18,11.02,11.56
l8,1235.0,3266.0,1267.0,0,0,0,21.16,10.96,12.58
l9,1073.0,1083.0,748.0,0,0,0,40.94,39.99,33.66
l10,1016.0,1100.0,732.0,0,0,0,43.02,39.82,34.15
l11,974.0,1134.0,718.0,0,0,0,45.36,39.98,35.08
l12,925.0,1158.0,704.0,0,0,0,48.06,40.19,35.97
l13,2985.0,1176.0,593.0,0,0,0,12.12,19.77,41.27
l14,1242.0,2963.0,868.0,0,0,0,21.34,9.74,23.64
l15,1119.0,2352.0,4806.0,0,0,0,48.52,44.71,1.86
l16,4515.0,6801.0,5442.0,0,0,0,0.63,0.68,0.6
l17,1557.0,5666.0,4284.0,0,0,0,15.51,7.82,0.67
l18,3833.0,3156.0,5495.0,0,0,0,4.37,9.78,1.44
l19,3863.0,3328.0,998.0,0,0,0,3.85,1.6,18.27
l20,4415.0,6499.0,5097.0,0,0,0,0.71,0.78,0.82
l21,4194.0,6215.0,4723.0,0,0,0,0.96,0.93,1.01
l22,3476.0,5591.0,4146.0,0,0,0,1.94,1.57,1.38
gs0,818.0,656.0,442.0,0,0,0,74.72,77.75,63.04
gs1,866.0,718.0,481.0,0,0,0,65.56,67.88,55.45
gs2,919.0,779.0,536.0,0,0,0,58.77,60.99,49.71
gs3,978.0,857.0,595.0,0,0,0,52.06,53.98,44.05
gs4,1031.0,921.0,649.0,0,0,0,45.81,47.44,38.7
gs5,1108.0,1013.0,726.0,0,0,0,39.71,41.23,33.59
gs6,1179.0,1107.0,805.0,0,0,0,34.84,36.16,29.36
gs7,1258.0,1218.0,898.0,0,0,0,30.03,31.18,25.42
gs8,1355.0,1346.0,1012.0,0,0,0,25.6,26.6,21.81
gs9,1465.0,1504.0,1145.0,0,0,0,21.49,22.27,18.18
gs10,1576.0,1644.0,1264.0,0,0,0,18.22,18.88,15.51
gs11,1729.0,1873.0,1465.0,0,0,0,15.15,15.65,12.67
gs12,1896.0,2077.0,1632.0,0,0,0,12.54,12.98,10.68
gs13,2096.0,2350.0,1829.0,0,0,0,10.08,10.41,8.63
gs14,2302.0,2631.0,2046.0,0,0,0,8.0,8.24,6.87
gs15,2562.0,2997.0,2362.0,0,0,0,6.21,6.42,5.29
gs16,2845.0,3483.0,2702.0,0,0,0,4.68,4.81,4.05
gs17,3181.0,4049.0,3142.0,0,0,0,3.52,3.65,3.03
gs18,3523.0,4668.0,3636.0,0,0,0,2.57,2.68,2.23
gs19,3881.0,5383.0,4213.0,0,0,0,1.75,1.84,1.54
gs20,4151.0,6005.0,4721.0,0,0,0,1.17,1.22,1.07
gs21,4216.0,6205.0,4923.0,0,0,0,0.95,1.0,0.87
gs22,4265.0,6348.0,5076.0,0,0,0,0.75,0.8,0.7
gs23,4361.0,6521.0,5212.0,0,0,0,0.43,0.52,0.56
