patch,r,g,b,refR,refG,refB,refX,refY,refZ
a1,12379.0,21255.0,16779.0,25217.0,16931.0,24757.0,1540.89555006,1394.0,1372.89184178
a2,10695.0,22755.0,17446.0,20757.0,18651.0,25353.0,1756.6170755,1383.0,1266.24466391
a3,9755.0,24042.0,18393.0,18294.0,20061.0,26626.0,1921.44012945,1375.0,1153.39805825
a4,9438.0,23862.0,18207.0,17701.0,20008.0,26632.0,2056.4045677,1440.0,1201.80097879
a5,7322.0,12177.0,9299.0,15052.0,9836.0,13501.0,4144.71662125,3701.0,3359.24856191
a6,6547.0,13439.0,9862.0,12932.0,11288.0,14243.0,4771.84104938,3739.0,3029.28240741
a7,6085.0,15182.0,10530.0,11417.0,13090.0,15032.0,5314.16666667,3682.0,2670.5
a8,5740.0,17693.0,11382.0,10052.0,15826.0,16033.0,5988.85311475,3643.0,2312.40918033
a9,4787.0,5643.0,4370.0,10249.0,4267.0,6299.0,12155.5568581,11980.0,10975.8147714
a10,4572.0,5824.0,4486.0,9675.0,4465.0,6453.0,12713.7809187,12000.0,10621.9081272
a11,4375.0,6084.0,4661.0,9152.0,4764.0,6682.0,13202.6743499,11930.0,10121.462766
a12,4219.0,6277.0,4747.0,8746.0,4982.0,6805.0,13693.3769322,11940.0,9860.08323424
a13,3834.0,3791.0,2927.0,8370.0,2770.0,4222.0,21174.6122449,22170.0,21290.9562682
a14,3760.0,3913.0,2990.0,8215.0,2918.0,4291.0,21130.7833284,21480.0,20883.1569613
a15,3702.0,3746.0,2920.0,8055.0,2753.0,4211.0,21783.4484761,22590.0,21199.8461538
a16,3739.0,3786.0,2886.0,8108.0,2800.0,4127.0,21326.0961313,21970.0,21094.2907386
a17,3720.0,3770.0,2911.0,8051.0,2784.0,4189.0,21655.848564,22410.0,20947.2062663
a18,3686.0,3680.0,2823.0,7963.0,2712.0,4033.0,21686.7024673,22510.0,21144.371553
a19,3817.0,3749.0,2761.0,8322.0,2811.0,3936.0,20181.7634855,20830.0,20725.0474215
a20,17101.0,28102.0,22733.0,35842.0,22096.0,33616.0,677.534555308,603.3,642.340452662
a21,9786.0,24589.0,21302.0,18318.0,19712.0,31689.0,1736.39698492,1221.0,651.825598581
a22,7568.0,23008.0,20597.0,13143.0,18475.0,30602.0,3086.12137203,1944.0,669.08707124
b1,12860.0,21902.0,18436.0,26305.0,17084.0,27129.0,1469.44946809,1371.0,1210.96897163
b2,11497.0,23757.0,20357.0,22578.0,18675.0,30172.0,1616.66187262,1361.0,1017.054887
b3,10540.0,25170.0,21925.0,19855.0,19986.0,32456.0,1779.34856974,1371.0,892.706576231
b4,10152.0,25245.0,22106.0,19042.0,20064.0,32998.0,1889.49837806,1421.0,880.005897965
b5,7236.0,12987.0,11370.0,14669.0,10037.0,16867.0,4135.86095346,3702.0,2667.24687855
b6,6694.0,14986.0,13972.0,12886.0,11488.0,20764.0,4610.41608294,3677.0,2015.18968899
b7,6334.0,17825.0,17241.0,11318.0,13741.0,25739.0,5131.65018264,3623.0,1425.17561113
b8,6116.0,20936.0,19741.0,10068.0,16451.0,29409.0,5745.68917749,3593.0,1030.71919192
b9,4789.0,5691.0,4563.0,10248.0,4256.0,6590.0,12015.8026467,11930.0,10375.2560414
b10,4555.0,5977.0,4930.0,9572.0,4486.0,7134.0,12482.5843015,11880.0,9301.3431567
b11,4354.0,6261.0,5321.0,9070.0,4720.0,7744.0,12913.716443,11850.0,8373.86744966
b12,4208.0,6556.0,5739.0,8655.0,4952.0,8413.0,13307.1124031,11830.0,7614.8255814
b13,4133.0,3871.0,2937.0,9117.0,2813.0,4232.0,19217.069371,20630.0,20793.7301587
b14,3798.0,4086.0,2975.0,8246.0,3126.0,4255.0,19972.9593693,19710.0,20080.5336568
b15,3735.0,3957.0,3329.0,8107.0,2849.0,4880.0,20622.7197117,21530.0,17536.7729415
b16,4197.0,4338.0,3335.0,9097.0,3200.0,4775.0,16861.7990654,17390.0,16536.7523364
b17,3827.0,4294.0,3349.0,8187.0,3220.0,4794.0,18892.7752028,18730.0,16635.6257242
b18,4122.0,4004.0,3279.0,8990.0,2847.0,4720.0,18277.5034868,19850.0,17242.0920502
b19,4089.0,3999.0,2782.0,8963.0,3065.0,3964.0,17538.2760736,17940.0,19552.398773
b20,13345.0,26670.0,22356.0,26819.0,21174.0,33161.0,1053.00981267,827.4,579.893487957
b21,8154.0,23915.0,21224.0,14509.0,19237.0,31656.0,2565.17791411,1644.0,593.626643295
b22,4929.0,8511.0,7521.0,9990.0,6578.0,11101.0,8353.68619934,7262.0,4269.30832421
c1,11779.0,18743.0,16709.0,24190.0,14112.0,24691.0,1768.28067701,1735.0,1390.93653032
c2,11155.0,20458.0,19722.0,22331.0,15114.0,29659.0,1520.63736829,1376.0,639.728604472
c3,10819.0,22042.0,22312.0,21220.0,15993.0,33843.0,1719.22832443,1511.0,611.622679888
c4,10402.0,21637.0,22632.0,20288.0,15499.0,34332.0,1782.17157712,1551.0,506.887843526
c5,5701.0,8542.0,8219.0,11862.0,6175.0,12310.0,6812.41986337,6531.0,3816.32790331
c6,5473.0,10566.0,12977.0,10778.0,6829.0,19980.0,7333.96819961,6614.0,2231.09246575
c7,5404.0,13011.0,18951.0,9871.0,7454.0,29463.0,7802.91824197,6565.0,1144.84168242
c8,5456.0,14406.0,21930.0,9665.0,7982.0,33901.0,8135.79843861,6639.0,931.3761533
c9,4480.0,5222.0,4385.0,9602.0,3812.0,6384.0,13562.9642058,13670.0,10994.1051454
c10,4342.0,5542.0,5041.0,9161.0,3951.0,7385.0,13809.5832213,13630.0,9210.0537779
c11,4173.0,5840.0,5818.0,8687.0,4068.0,8591.0,14117.4164291,13630.0,7572.61466701
c12,4072.0,6190.0,6622.0,8385.0,4189.0,9903.0,14248.7484165,13490.0,6439.10818343
c13,4519.0,3939.0,2927.0,10045.0,2842.0,4210.0,16961.1124331,18770.0,20098.7507436
c14,3837.0,4336.0,2970.0,8332.0,3420.0,4230.0,18146.2688442,17160.0,18588.2035176
c15,3759.0,4179.0,3812.0,8114.0,2919.0,5622.0,19267.009544,20210.0,14101.9936373
c16,4641.0,4928.0,3772.0,10062.0,3664.0,5421.0,13117.1403662,13530.0,12672.8247602
c17,3916.0,4835.0,3834.0,8294.0,3664.0,5536.0,16403.1257176,15670.0,12903.9121699
c18,4522.0,4311.0,3769.0,9883.0,2964.0,5475.0,15119.7481918,17140.0,13655.0656309
c19,4552.0,4385.0,2834.0,10012.0,3421.0,3991.0,14366.1102159,14530.0,17929.5423783
c20,16524.0,28001.0,23253.0,34561.0,21834.0,34395.0,698.445505618,609.9,495.025280899
c21,5413.0,12585.0,13040.0,10254.0,9253.0,19500.0,6467.26647261,5060.0,1862.51918497
c22,4669.0,6908.0,5957.0,9720.0,5274.0,8735.0,9716.66776226,8963.0,5869.77074774
d1,12677.0,18758.0,17194.0,26410.0,13747.0,25609.0,1614.60463193,1667.0,1314.48028674
d2,12891.0,20032.0,20165.0,26773.0,14151.0,30255.0,1582.53046409,1660.0,1061.33264195
d3,13203.0,21175.0,23013.0,27217.0,14356.0,34963.0,1588.4334817,1675.0,878.505192878
d4,12532.0,20553.0,23268.0,25822.0,13622.0,35805.0,1771.58262351,1867.0,905.101971283
d5,5628.0,7245.0,7121.0,11995.0,5048.0,10705.0,7852.75951333,8170.0,5126.60626456
d6,5687.0,8650.0,11329.0,11734.0,5121.0,17189.0,7731.9558308,8131.0,3139.14746436
d7,5926.0,10665.0,17807.0,11681.0,5026.0,27857.0,7581.05595161,8071.0,1783.67530784
d8,6295.0,12484.0,23307.0,11996.0,5059.0,36575.0,7487.87515502,8020.0,1069.22281935
d9,4283.0,4681.0,3970.0,9244.0,3359.0,5802.0,15022.4101714,15560.0,12424.7761194
d10,4263.0,4939.0,4658.0,9102.0,3402.0,6834.0,14954.9332635,15600.0,10272.0753729
d11,4225.0,5199.0,5445.0,8973.0,3427.0,8123.0,14723.6377246,15420.0,8329.41616766
d12,4299.0,6484.0,9634.0,8765.0,3383.0,14801.0,14469.8237394,15350.0,4428.27978581
d13,4959.0,4028.0,2902.0,11118.0,2887.0,4159.0,14810.1086957,16920.0,19356.8478261
d14,3909.0,4695.0,2993.0,8441.0,3840.0,4240.0,16347.5246225,14680.0,17166.8286277
d15,3753.0,4372.0,4344.0,8045.0,2951.0,6457.0,18300.8244275,19210.0,11369.5826972
d16,5205.0,5759.0,4426.0,11305.0,4325.0,6391.0,10065.2053597,10330.0,9695.09466939
d17,3986.0,5478.0,4355.0,8327.0,4232.0,6302.0,14196.241074,12970.0,9880.31705227
d18,4981.0,4652.0,4294.0,10933.0,3078.0,6310.0,12563.722966,14900.0,10898.7899073
d19,5040.0,4844.0,2908.0,11148.0,3858.0,4025.0,11627.0943396,11540.0,16421.2418525
d20,6798.0,16182.0,16719.0,12865.0,11912.0,25286.0,3926.20380148,3076.0,1118.17634636
d21,5856.0,8579.0,7661.0,12314.0,6417.0,11210.0,6130.00053952,5944.0,3960.52872943
d22,4499.0,6155.0,5510.0,9487.0,4597.0,8155.0,10538.8707519,10140.0,6455.19400589
e1,13877.0,18811.0,17342.0,29379.0,13481.0,25668.0,1407.42179072,1544.0,1212.54800431
e2,14894.0,19955.0,20818.0,31806.0,13336.0,31665.0,1315.63069307,1546.0,965.101980198
e3,15878.0,20790.0,23549.0,34126.0,13171.0,36092.0,1261.59275598,1565.0,807.0269329
e4,15797.0,20483.0,24069.0,34024.0,12662.0,36824.0,1370.7276068,1714.0,851.882406982
e5,8175.0,10410.0,10314.0,17568.0,7191.0,15555.0,3912.51686559,4333.0,2997.34769071
e6,8924.0,11661.0,14956.0,19105.0,6807.0,23020.0,3622.82933579,4349.0,2058.15221402
e7,10115.0,13060.0,20080.0,21536.0,6337.0,31653.0,3175.94313968,4188.0,1263.99258344
e8,11701.0,14393.0,24352.0,25009.0,6007.0,38280.0,3068.46971473,4292.0,1025.61860102
e9,5130.0,5576.0,4778.0,11135.0,3975.0,7004.0,10563.4212696,11230.0,9066.70513877
e10,5268.0,5787.0,5482.0,11371.0,3941.0,8137.0,10263.8896121,11280.0,7823.46263994
e11,5416.0,6011.0,6237.0,11701.0,3909.0,9426.0,9676.59921027,10980.0,6441.13030602
e12,5925.0,6887.0,9574.0,12678.0,3606.0,14674.0,8704.93621622,10890.0,3951.00972973
e13,5483.0,4122.0,2917.0,12391.0,2912.0,4154.0,12802.1338655,15190.0,18645.8765735
e14,3979.0,5113.0,3003.0,8532.0,4332.0,4179.0,14639.8727648,12430.0,15674.281293
e15,3747.0,4610.0,5006.0,7972.0,2999.0,7536.0,17193.9618955,18040.0,8830.52271617
e16,5827.0,6742.0,5205.0,12607.0,5101.0,7558.0,7529.6489083,7684.0,7156.07452693
e17,4117.0,6396.0,5126.0,8475.0,5022.0,7435.0,12289.0324417,10660.0,7386.76721685
e18,5516.0,5023.0,5013.0,12150.0,3179.0,7406.0,10194.8959366,12680.0,8542.34886026
e19,5659.0,5413.0,2998.0,12584.0,4395.0,4082.0,9129.93922652,8837.0,14581.8637201
e20,5581.0,16501.0,21087.0,9656.0,10831.0,32533.0,6434.84630839,4647.0,588.168759417
e21,6341.0,14466.0,17808.0,12052.0,9596.0,27406.0,4750.84660622,4005.0,1057.9245283
e22,4888.0,9155.0,10056.0,9711.0,6389.0,15172.0,8016.6317388,7048.0,2773.89015439
f1,18053.0,24922.0,20894.0,38611.0,18815.0,31101.0,672.98500283,774.7,744.448556876
f2,18843.0,25152.0,22222.0,40711.0,18456.0,33035.0,495.72192846,663.6,560.740279938
f3,19352.0,25242.0,23414.0,41961.0,18065.0,35155.0,526.972400898,771.7,625.286711543
f4,19541.0,24998.0,23648.0,42543.0,17486.0,35958.0,451.931165185,711.7,501.553673374
f5,12295.0,13224.0,11923.0,27256.0,9232.0,17886.0,2040.2863673,2425.0,2055.28367841
f6,14914.0,13521.0,13909.0,33696.0,8382.0,21102.0,1719.0386414,2426.0,1825.91877923
f7,17002.0,14119.0,16230.0,38715.0,7874.0,24967.0,1311.0,2262.0,1427.0
f8,18385.0,15085.0,19504.0,41650.0,7508.0,30073.0,1053.41581171,2262.0,1234.97646349
f9,5260.0,5443.0,4400.0,11520.0,3965.0,6437.0,10025.6144307,10740.0,9504.96054115
f10,5533.0,5446.0,4555.0,12119.0,3850.0,6656.0,9726.42303433,10870.0,9497.7076412
f11,5783.0,5451.0,4731.0,12755.0,3748.0,6970.0,9151.00725222,10680.0,8855.53585818
f12,6670.0,5404.0,5190.0,14995.0,3370.0,7772.0,7953.52323838,10610.0,7948.22088956
f13,6214.0,4279.0,2913.0,14150.0,2955.0,4151.0,10665.917791,13160.0,17466.8340132
f14,4096.0,5753.0,3125.0,8708.0,5042.0,4282.0,12931.5443038,10340.0,14124.477396
f15,3765.0,4960.0,5952.0,7917.0,3060.0,9055.0,16328.1560953,17010.0,6770.30888941
f16,6671.0,8051.0,6171.0,14394.0,6139.0,8971.0,5341.98951965,5471.0,5114.23027656
f17,4272.0,7605.0,6168.0,8596.0,6051.0,8994.0,10450.3650298,8564.0,5294.46267386
f18,6246.0,5557.0,5939.0,13848.0,3333.0,8994.0,8025.29273454,10590.0,6284.7778039
f19,6529.0,6114.0,3049.0,14591.0,5086.0,4115.0,6978.71864952,6562.0,12833.8794212
f20,5455.0,8227.0,7901.0,11378.0,5942.0,11841.0,6903.98126464,6633.0,3722.97189696
f21,4668.0,7840.0,8526.0,9544.0,5423.0,12883.0,8878.60150376,8172.0,3430.60150376
f22,4404.0,6528.0,6438.0,9158.0,4677.0,9616.0,10106.409874,9556.0,4909.45950116
g1,16838.0,20547.0,16393.0,36598.0,15475.0,24199.0,817.542575713,961.1,1047.29097324
g2,18213.0,20379.0,16388.0,40027.0,14969.0,24071.0,616.631853786,858.8,1016.00997969
g3,18775.0,19963.0,16420.0,41718.0,14489.0,23925.0,531.98072842,863.2,1080.29962719
g4,18831.0,19457.0,16108.0,42157.0,14018.0,23836.0,587.516193752,945.5,1176.92934938
g5,10839.0,10659.0,8599.0,24072.0,7642.0,12449.0,2636.33266533,3110.0,3157.18866304
g6,13538.0,10352.0,8339.0,31116.0,6937.0,12281.0,2327.80919932,3134.0,3436.54400909
g7,16230.0,10296.0,8371.0,37713.0,6404.0,12357.0,1898.39362594,3006.0,3499.29661728
g8,17603.0,10236.0,8313.0,41182.0,6097.0,12206.0,1740.27589158,3101.0,4006.0850214
g9,5350.0,5404.0,4234.0,11718.0,3964.0,6182.0,10101.3341001,10840.0,10226.0034503
g10,5673.0,5280.0,4181.0,12488.0,3777.0,6048.0,9498.54285714,10700.0,10372.8857143
g11,6028.0,5260.0,4167.0,13433.0,3700.0,6063.0,8899.92598918,10520.0,10525.989183
g12,7304.0,4954.0,3892.0,16698.0,3216.0,5696.0,7914.0,10620.0,11466.0
g13,7130.0,4438.0,2924.0,16418.0,2989.0,4112.0,9107.18971061,11570.0,16525.3826367
g14,4264.0,6609.0,3256.0,8945.0,6013.0,4374.0,11366.1390374,8468.0,12511.1627196
g15,3781.0,5451.0,7283.0,7835.0,3132.0,11151.0,15004.0164309,15580.0,4970.52487449
g16,7769.0,9886.0,7613.0,16664.0,7625.0,11040.0,3729.77677269,3785.0,3529.86868982
g17,4468.0,9253.0,7573.0,8730.0,7443.0,11022.0,8909.14237192,6880.0,3684.39286725
g18,7150.0,6247.0,7362.0,15829.0,3479.0,11127.0,6309.60683761,8816.0,4703.45299145
g19,7716.0,7127.0,3198.0,17258.0,6011.0,4143.0,5352.95073892,4787.0,11297.5772503
g20,4670.0,6750.0,6981.0,9794.0,4664.0,10428.0,9417.85973306,9173.0,4509.11508436
g21,4714.0,7769.0,9678.0,9637.0,4894.0,14818.0,8966.88846611,8666.0,2975.91058264
g22,4425.0,10402.0,20090.0,8000.0,4199.0,31571.0,11447.3333333,10850.0,1036.0
h1,16474.0,20044.0,14646.0,35891.0,15633.0,21389.0,791.887424387,875.2,1119.28634193
h2,17719.0,19220.0,12896.0,39318.0,15099.0,18484.0,684.165517241,831.6,1380.7862069
h3,18587.0,18632.0,11513.0,41710.0,14726.0,16138.0,686.247926267,882.9,1821.40506912
h4,18645.0,17538.0,10705.0,42188.0,13709.0,15065.0,687.428740624,921.3,2028.46036321
h5,10449.0,10437.0,7432.0,23291.0,7949.0,10686.0,2694.13649112,2973.0,3597.43191025
h6,13053.0,9807.0,6330.0,30045.0,7173.0,8965.0,2490.53438443,3007.0,4589.68466957
h7,15864.0,9476.0,5581.0,37079.0,6526.0,7697.0,2220.23469014,2932.0,5599.50715072
h8,17445.0,9158.0,4942.0,41042.0,6145.0,6664.0,1984.7144623,2857.0,6930.02018953
h9,5365.0,5375.0,4027.0,11750.0,3995.0,5819.0,9865.49112426,10440.0,10582.0828402
h10,5622.0,5250.0,3795.0,12425.0,3886.0,5427.0,9669.96366939,10510.0,11639.5943082
h11,5926.0,5059.0,3531.0,13210.0,3719.0,5026.0,9394.89282386,10530.0,12787.1295433
h12,7083.0,4726.0,2992.0,16181.0,3314.0,4207.0,8565.11318242,10400.0,15655.3928096
h13,8444.0,4656.0,2950.0,19639.0,3023.0,4113.0,7723.47364932,10140.0,15746.0722572
h14,4439.0,7735.0,3397.0,9152.0,7300.0,4433.0,9862.24714519,6835.0,11177.95677
h15,3828.0,6105.0,9191.0,7760.0,3200.0,14210.0,14611.0113107,14990.0,3643.61055666
h16,9455.0,12406.0,9624.0,20217.0,9585.0,14151.0,2585.01320035,2558.0,2360.6535641
h17,4726.0,11391.0,9546.0,8888.0,9209.0,14052.0,7651.25899688,5541.0,2509.07282516
h18,8486.0,7224.0,9314.0,18813.0,3664.0,14229.0,4906.92124308,7316.0,3349.66283525
h19,9581.0,8446.0,3327.0,21668.0,7250.0,4175.0,3888.58719417,3272.0,9872.20822488
h20,4492.0,6156.0,6885.0,9476.0,4026.0,10454.0,10388.5204082,10550.0,4693.16083576
h21,5128.0,6111.0,5220.0,11113.0,4489.0,7641.0,8133.96471856,8373.0,6043.53353084
h22,4912.0,6699.0,8622.0,10304.0,3967.0,13175.0,8975.0715588,9753.0,3498.45533273
i1,13759.0,16486.0,10699.0,30086.0,13349.0,15097.0,1200.01674224,1188.0,1755.6874782
i2,14948.0,15382.0,8285.0,33141.0,12760.0,11243.0,1194.37779619,1164.0,2463.49461475
i3,16263.0,14603.0,6754.0,36854.0,12149.0,8783.0,1234.09598433,1182.0,3372.3467189
i4,18093.0,13406.0,5204.0,41988.0,11016.0,6401.0,1250.64900662,1160.0,5271.47019868
i5,7991.0,9268.0,6377.0,17456.0,7374.0,9150.0,3791.2764613,3830.0,4479.82938389
i6,8426.0,8862.0,5357.0,18691.0,7222.0,7523.0,3791.32240056,3790.0,5642.68318214
i7,8992.0,8660.0,4742.0,19979.0,7032.0,6491.0,3841.08212376,3799.0,6870.99503438
i8,11651.0,7931.0,3533.0,26867.0,6209.0,4577.0,3871.40683678,3768.0,10502.1434762
i9,5136.0,5439.0,4005.0,11232.0,4137.0,5792.0,10083.2535885,10280.0,10378.3732057
i10,5189.0,5343.0,3756.0,11350.0,4093.0,5362.0,10217.4876847,10400.0,11402.2167488
i11,5251.0,5262.0,3529.0,11506.0,4082.0,5000.0,10238.0012731,10360.0,12374.6276257
i12,5360.0,4981.0,3040.0,11887.0,3917.0,4263.0,10296.6382253,10450.0,14918.890785
i13,10165.0,4890.0,2925.0,23923.0,3029.0,4048.0,6446.19438741,8810.0,14894.3874059
i14,4664.0,9150.0,3567.0,9456.0,8922.0,4507.0,8554.57972914,5459.0,9835.26256007
i15,3931.0,6973.0,11641.0,7776.0,3324.0,18268.0,14175.6521739,14300.0,2611.30434783
i16,11830.0,16064.0,12642.0,25374.0,12415.0,18543.0,1674.24918615,1636.0,1531.41994673
i17,5066.0,14101.0,12040.0,9089.0,11486.0,17719.0,6517.44441277,4401.0,1627.16562144
i18,10333.0,8508.0,12073.0,23121.0,3872.0,18659.0,3748.97014925,5994.0,2346.58208955
i19,12159.0,10271.0,3606.0,27624.0,8847.0,4311.0,2835.27863777,2165.0,8405.29411765
i20,4624.0,5744.0,6761.0,9856.0,3550.0,10413.0,10471.6631677,11420.0,4747.01189643
i21,9173.0,11764.0,17080.0,19619.0,6127.0,26671.0,2953.33554404,3843.0,1168.43129534
i22,5879.0,5720.0,6235.0,12938.0,3526.0,9427.0,7277.27827311,9160.0,5054.97888315
j1,16585.0,23353.0,15049.0,35355.0,19373.0,21443.0,665.477799154,585.9,1002.95078876
j2,16498.0,22253.0,11604.0,35650.0,19326.0,15621.0,703.3555666,538.9,1436.17385686
j3,17030.0,20953.0,8800.0,37502.0,18817.0,11181.0,792.354236157,535.5,2244.52735157
j4,18676.0,17827.0,5385.0,42359.0,16194.0,5980.0,1023.56897404,523.1,4919.33844252
j5,8483.0,10954.0,7293.0,18345.0,8958.0,10496.0,3081.3041924,2929.0,3508.7078323
j6,8364.0,10642.0,6144.0,18237.0,9102.0,8615.0,3307.85326087,2969.0,4480.39311594
j7,8371.0,10380.0,5128.0,18250.0,9123.0,6922.0,3511.21551724,2973.0,5720.2179803
j8,8503.0,9894.0,3793.0,18638.0,8987.0,4711.0,3971.62730228,2914.0,8899.85482124
j9,5070.0,5456.0,3960.0,11037.0,4192.0,5726.0,10203.7871957,10250.0,10354.7490231
j10,4987.0,5404.0,3736.0,10843.0,4215.0,5336.0,10489.4423792,10320.0,11160.8178439
j11,4952.0,5339.0,3481.0,10787.0,4243.0,4921.0,10782.5856496,10380.0,12386.2184874
j12,4880.0,5183.0,3074.0,10701.0,4244.0,4295.0,11028.0413793,10360.0,14336.0965517
j13,12334.0,5236.0,2961.0,29305.0,3077.0,4047.0,5424.96004281,7539.0,13932.2226186
j14,4953.0,10913.0,3813.0,9821.0,10900.0,4662.0,7437.9732842,4388.0,8385.91064026
j15,4076.0,8323.0,15461.0,7744.0,3471.0,24437.0,13567.9336188,13410.0,1737.26980728
j16,14948.0,21312.0,17030.0,32068.0,16503.0,25116.0,1046.01139601,1049.0,893.592592593
j17,5536.0,17764.0,15844.0,9405.0,14295.0,23463.0,5570.80103508,3481.0,956.824611846
j18,12746.0,10379.0,16136.0,28528.0,4222.0,25003.0,2783.24064885,4777.0,1556.17156489
j19,14973.0,12414.0,3879.0,34361.0,10885.0,4399.0,2052.05488722,1409.0,7132.93007519
j20,5859.0,5259.0,5068.0,13097.0,3420.0,7543.0,7666.55842558,9595.0,6342.37761378
j21,16393.0,15935.0,23265.0,36662.0,7586.0,36313.0,1175.18186844,2056.0,557.283213562
j22,18523.0,24992.0,23550.0,40181.0,17935.0,35566.0,584.662619808,743.9,499.650700418
k1,11323.0,17628.0,11284.0,23597.0,14825.0,15935.0,1382.61308477,1147.0,1504.85754485
k2,9845.0,17706.0,8957.0,20188.0,16155.0,12060.0,1637.79069767,1125.0,1994.08033827
k3,8780.0,17869.0,7499.0,17597.0,17123.0,9621.0,1918.76242545,1119.0,2523.86779324
k4,8492.0,18337.0,7017.0,16853.0,17953.0,8707.0,2091.62046562,1113.0,2821.36762317
k5,7077.0,9817.0,6468.0,15099.0,8213.0,9243.0,3982.28040103,3593.0,4045.03007762
k6,6562.0,10086.0,5605.0,13845.0,8915.0,7706.0,4464.25125628,3604.0,4867.85786073
k7,6159.0,10360.0,4874.0,12810.0,9586.0,6485.0,5003.88067497,3609.0,5886.91844114
k8,5487.0,11202.0,3937.0,10967.0,11082.0,4756.0,6179.76366322,3638.0,8094.5947809
k9,4887.0,5484.0,3969.0,10595.0,4265.0,5639.0,10343.5843373,10130.0,10038.4638554
k10,4717.0,5518.0,3738.0,10150.0,4414.0,5342.0,10746.7896218,10070.0,10661.7974367
k11,4570.0,5572.0,3526.0,9805.0,4595.0,4978.0,11246.9702906,10070.0,11559.294809
k12,4249.0,5556.0,3092.0,9075.0,4823.0,4261.0,12152.0084567,10040.0,13185.017618
k13,14404.0,5690.0,3070.0,34401.0,3240.0,4122.0,4323.49179717,6251.0,12732.7416107
k14,5310.0,13051.0,4163.0,10305.0,13278.0,4868.0,6188.19629444,3306.0,7060.63595393
k15,4281.0,9793.0,19579.0,7841.0,3668.0,31071.0,12038.0493984,11760.0,1027.78974034
k16,18118.0,27236.0,21581.0,38597.0,21267.0,31994.0,553.116029197,540.8,485.062072993
k17,6098.0,21844.0,19481.0,9931.0,17709.0,28930.0,4605.13211382,2695.0,525.071138211
k18,15391.0,12732.0,20962.0,34548.0,4800.0,32629.0,1876.08774995,3422.0,1345.28246942
k19,17274.0,15308.0,4370.0,39476.0,13697.0,4757.0,1362.90798479,806.4,5496.09125475
k20,17008.0,21690.0,19601.0,37178.0,15663.0,29526.0,705.950167396,870.5,665.373165079
k21,18438.0,25349.0,20852.0,40134.0,19307.0,31141.0,442.506547286,544.6,536.676329043
k22,17992.0,22676.0,16362.0,39340.0,17936.0,23706.0,558.993062438,639.0,913.007928642
l1,12950.0,22050.0,16144.0,26685.0,18106.0,23569.0,972.23984324,788.4,814.147877204
l2,10987.0,22602.0,15024.0,21732.0,19332.0,21823.0,1160.71454027,785.0,851.862081254
l3,9744.0,22868.0,14212.0,18764.0,20300.0,20266.0,1384.59657143,822.3,925.674857143
l4,9457.0,22605.0,13711.0,18237.0,20397.0,19642.0,1480.23332048,867.4,997.5267258
l5,7357.0,11828.0,8173.0,15299.0,9891.0,11810.0,3313.04526749,2821.0,2795.99588477
l6,6588.0,12954.0,7673.0,13272.0,11578.0,10683.0,3847.51868358,2803.0,2958.66883785
l7,6080.0,14452.0,7210.0,11720.0,13575.0,9642.0,4494.81753995,2809.0,3134.68115942
l8,5691.0,16324.0,6753.0,10427.0,16072.0,8629.0,5132.91539081,2808.0,3372.54149879
l9,4794.0,5532.0,4093.0,10309.0,4279.0,5866.0,10152.6820604,9810.0,9078.1705151
l10,4589.0,5684.0,4019.0,9750.0,4498.0,5729.0,10769.269103,9974.0,9380.56055572
l11,4409.0,5817.0,3955.0,9350.0,4753.0,5646.0,11228.6625464,9936.0,9539.91100124
l12,4152.0,5832.0,3775.0,8756.0,4903.0,5351.0,11811.1498258,9970.0,9799.46468166
l13,15865.0,6277.0,3205.0,38010.0,3654.0,4218.0,3479.37159763,5043.0,11371.1195266
l14,5736.0,15292.0,4597.0,10849.0,15698.0,5221.0,5351.48912494,2731.0,5731.37025797
l15,4549.0,11164.0,22872.0,8121.0,4044.0,36296.0,11794.306383,11080.0,700.161702128
l16,19993.0,30990.0,25040.0,42601.0,24102.0,37428.0,451.561772686,354.6,262.876514923
l17,6752.0,25286.0,21932.0,10800.0,20821.0,32647.0,3767.98389502,2046.0,288.014315538
l18,17523.0,15276.0,24591.0,39299.0,6117.0,38678.0,1266.53157625,2566.0,559.048091734
l19,18567.0,18790.0,5151.0,41954.0,17380.0,5550.0,980.915736041,469.6,4508.8751269
l20,19462.0,29686.0,23505.0,41686.0,23400.0,34967.0,295.660512,299.3,362.799488
l21,18684.0,28870.0,22411.0,39895.0,22955.0,33129.0,350.624742268,329.6,381.630927835
l22,15969.0,26975.0,20707.0,33371.0,21835.0,30599.0,643.563606771,523.3,536.586914062
gs0,3625.0,3473.0,2565.0,7893.0,2618.0,3743.0,19000.3149379,19730.0,18276.3305403
gs1,3883.0,3815.0,2844.0,8418.0,2878.0,4130.0,17431.4289863,17910.0,16677.159454
gs2,4080.0,4061.0,3074.0,8881.0,3046.0,4467.0,15705.9123876,16180.0,15053.4551784
gs3,4325.0,4365.0,3309.0,9396.0,3277.0,4813.0,13910.1508121,14300.0,13263.1670534
gs4,4557.0,4702.0,3601.0,9942.0,3531.0,5222.0,12316.4300203,12650.0,11689.6117068
gs5,4860.0,5118.0,3940.0,10651.0,3854.0,5714.0,10713.9774371,11020.0,10143.3728666
gs6,5162.0,5559.0,4284.0,11299.0,4205.0,6270.0,9425.80415945,9686.0,8866.24321202
gs7,5530.0,6125.0,4729.0,12049.0,4631.0,6863.0,8201.19010417,8433.0,7766.8515625
gs8,5956.0,6739.0,5195.0,12959.0,5113.0,7553.0,7006.86948956,7214.0,6701.40429234
gs9,6436.0,7523.0,5802.0,13899.0,5730.0,8364.0,5900.17875798,6044.0,5594.99709808
gs10,6947.0,8356.0,6441.0,14905.0,6396.0,9441.0,5081.40249927,5207.0,4843.82650392
gs11,7514.0,9421.0,7280.0,16236.0,7283.0,10600.0,4281.35017422,4365.0,4027.86585366
gs12,8162.0,10347.0,8003.0,17577.0,7995.0,11690.0,3568.73527697,3642.0,3407.34052478
gs13,8980.0,11641.0,9025.0,19424.0,9073.0,13290.0,2900.52122987,2948.0,2783.98243045
gs14,9994.0,13223.0,10252.0,21758.0,10337.0,15126.0,2344.77440283,2365.0,2264.56944854
gs15,11276.0,15002.0,11894.0,24458.0,11615.0,17629.0,1838.40774421,1863.0,1763.53798768
gs16,12855.0,17437.0,13609.0,27705.0,13591.0,19982.0,1416.03281111,1427.0,1375.11676027
gs17,14578.0,20249.0,15916.0,31276.0,15753.0,23267.0,1069.46497192,1080.0,1042.96778008
gs18,16060.0,23045.0,18084.0,34361.0,18121.0,26724.0,796.423396675,803.1,784.977790974
gs19,17396.0,25832.0,20385.0,37250.0,20149.0,30028.0,568.299286776,574.1,563.692838039
gs20,18344.0,27988.0,22171.0,39180.0,21999.0,33021.0,407.277914294,407.4,406.179142943
gs21,18647.0,28664.0,22875.0,39824.0,22703.0,34233.0,337.298526316,337.4,340.038315789
gs22,18854.0,29235.0,23532.0,39921.0,22845.0,35167.0,294.150967577,276.557377,295.970994188
gs23,19110.0,29601.0,23713.0,40411.0,23112.0,35284.0,234.075679172,234.0,288.716041397
