patch r g b
a1 26937 33363 33098
a2 24070 36335 34140
a3 22515 39293 35985
a4 21812 38930 34588
a5 17047 19402 18145
a6 15237 22077 19242
a7 13882 25402 20225
a8 12582 30075 21055
a9 10910 9355 8705
a10 10357 9712 9067
a11 9845 10115 9290
a12 9417 10457 9577
a13 8970 6182 5720
a14 8747 6317 5690
a15 8630 6050 5667
a16 8747 6135 5615
a17 8640 6095 5775
a18 8610 6007 5690
a19 8812 6137 5540
a20 35973 46395 48900
a21 22345 40343 43945
a22 16952 37968 40205
b1 27725 34555 36900
b2 25455 38175 41483
b3 23952 41285 44765
b4 23315 41695 44713
b5 17047 20715 21822
b6 15790 24540 26702
b7 14555 29825 32938
b8 13510 36260 38148
b9 10952 9482 9152
b10 10462 10137 10250
b11 9910 10622 11177
b12 9535 11150 12030
b13 9632 6275 5720
b14 8767 6637 5677
b15 8662 6380 6487
b16 9665 7120 6627
b17 8790 7042 6712
b18 9547 6472 6562
b19 9482 6652 5742
b20 28620 43913 47940
b21 18530 39575 42250
b22 10952 13435 14735
c1 25732 29152 32938
c2 24752 32260 39768
c3 24412 35068 45735
c4 23697 34305 46000
c5 13255 13900 16462
c6 12967 17155 25445
c7 12615 20787 37795
c8 12657 23117 44958
c9 10250 8672 8705
c10 9995 9332 10377
c11 9642 9992 12435
c12 9345 10520 13915
c13 10505 6417 5742
c14 8917 7240 5880
c15 8767 6827 7585
c16 10740 8165 7757
c17 8885 7995 7670
c18 10442 7000 7617
c19 10485 7240 5795
c20 34940 46330 50370
c21 12210 19802 24517
c22 10400 10985 11847
d1 27172 29020 33918
d2 27460 30970 40555
d3 27855 32873 47258
d4 26820 31625 46970
d5 13020 11805 14427
d6 13467 13942 22632
d7 14215 16647 35525
d8 15025 19410 48633
d9 9897 7787 7862
d10 9867 8292 9567
d11 9877 8875 11667
d12 10165 10717 20042
d13 11635 6657 5935
d14 9162 8122 6180
d15 8885 7395 9205
d16 11997 9562 9205
d17 9057 9205 8992
d18 11442 7505 8800
d19 11687 8037 5977
d20 15962 26345 33150
d21 13405 13565 15417
d22 10090 9837 10995
e1 29155 28802 34130
e2 30955 30372 41825
e3 32830 31705 48473
e4 32447 30725 49060
e5 18945 16382 20640
e6 20640 18070 29835
e7 22802 20032 41728
e8 25252 21880 52373
e9 11847 9380 9867
e10 12275 9850 11720
e11 12775 10280 13810
e12 14202 11575 20875
e13 12872 6920 6030
e14 9430 9200 6585
e15 9057 8092 11145
e16 13595 11347 11230
e17 9345 10845 10792
e18 12712 8300 10580
e19 13020 8875 6167
e20 12765 26887 42645
e21 14822 22670 34663
e22 11145 14342 19402
f1 38563 39895 43860
f2 40450 39730 46310
f3 41783 39603 49828
f4 42058 38515 49923
f5 26000 19972 23592
f6 30785 20170 27437
f7 35580 20447 32382
f8 39108 21395 39693
f9 12210 9195 9057
f10 12892 9257 9707
f11 13565 9397 10400
f12 15482 9247 11710
f13 14417 7190 6072
f14 9547 10180 6732
f15 9120 8762 13392
f16 15845 13755 13915
f17 9695 12887 12977
f18 14330 9092 12755
f19 14842 9872 6297
f20 12785 13467 16655
f21 10910 12817 17452
f22 10080 10607 13105
g1 35963 31880 32958
g2 38745 30612 32392
g3 40140 29355 31647
g4 40385 28460 30987
g5 23047 16387 17347
g6 27182 15770 17367
g7 31957 14867 16932
g8 35388 14187 16505
g9 12370 9067 8682
g10 13202 9012 8800
g11 13937 8837 8725
g12 16440 8347 8450
g13 16090 7505 6222
g14 9835 11667 6977
g15 9345 9675 16440
g16 18360 16552 16877
g17 10165 15722 15705
g18 16237 10205 15802
g19 17145 11262 6530
g20 10910 11217 14672
g21 11145 12572 19637
g22 10345 15727 39555
h1 35005 30702 28940
h2 37765 28770 25340
h3 39543 27245 22430
h4 39470 25355 20905
h5 22227 16175 15055
h6 25892 14922 12882
h7 30315 13600 10922
h8 34140 12562 9290
h9 12392 9017 8192
h10 13000 8847 7885
h11 13670 8470 7320
h12 15877 7830 6167
h13 18275 7797 6222
h14 10142 13467 7235
h15 9492 10590 20182
h16 21875 20292 20672
h17 10697 19232 19105
h18 18807 11532 19840
h19 20192 12950 6840
h20 10517 10212 14545
h21 11817 10037 10857
h22 11572 10717 17517
i1 29100 25190 21002
i2 30720 22935 16302
i3 32968 21117 13245
i4 36145 18225 9577
i5 17942 14650 12732
i6 18732 14112 10890
i7 19445 13595 9557
i8 22930 11837 6732
i9 11847 9087 8065
i10 11997 9040 7692
i11 12125 8837 7150
i12 12530 8432 6222
i13 20512 8012 6242
i14 10580 15800 7575
i15 9665 11725 24762
i16 26222 25562 25670
i17 11390 23917 23207
i18 21875 13147 25147
i19 24167 15077 7150
i20 10815 9450 14225
i21 20852 17810 34630
i22 13565 9232 12967
j1 35218 36420 29217
j2 34920 34333 22525
j3 35453 31370 17325
j4 37563 24207 9727
j5 19242 17320 14790
j6 18935 17020 12435
j7 18807 16482 10472
j8 18837 15225 7297
j9 11592 9030 7927
j10 11507 9092 7597
j11 11442 9082 7170
j12 11305 8875 6317
j13 23420 8295 6200
j14 11017 18322 7905
j15 9995 13542 32042
j16 32350 34098 34780
j17 12337 30442 29877
j18 25840 15545 33565
j19 29420 17542 7575
j20 13565 8715 10847
j21 34130 23697 50508
j22 39725 39070 50498
k1 24902 27177 21727
k2 22312 27725 17527
k3 20255 28280 14822
k4 19392 28922 13810
k5 16302 15805 13000
k6 15012 16402 11240
k7 14022 16825 9780
k8 11987 17800 7437
k9 11210 9060 7787
k10 10792 9270 7532
k11 10430 9477 7192
k12 9760 9647 6370
k13 26660 8667 6275
k14 11582 21517 8545
k15 10430 15662 40843
k16 39235 45298 47025
k17 13522 38473 37978
k18 30997 18725 44360
k19 34398 21070 8522
k20 36645 34203 41793
k21 39735 39970 43945
k22 37988 33938 31497
l1 27725 34113 30827
l2 24732 35900 28877
l3 22707 37160 27480
l4 22120 37075 26500
l5 17220 19100 16420
l6 15182 21412 15430
l7 13607 24005 14202
l8 12210 27272 13330
l9 10965 9097 7990
l10 10472 9427 8012
l11 9952 9775 8012
l12 9482 10072 7810
l13 29815 9147 6350
l14 12370 24860 9332
l15 11027 17867 48718
l16 43668 53773 57563
l17 14852 45270 44468
l18 36773 22717 54910
l19 37263 25817 9940
l20 41783 49388 51605
l21 39650 47355 47780
l22 33118 42528 41218
gs0 8300 5367 4485
gs1 8715 5855 4922
gs2 9237 6340 5455
gs3 9822 7025 6242
gs4 10495 7735 6990
gs5 11262 8447 7820
gs6 11922 9237 8662
gs7 12807 10207 9760
gs8 13725 11165 10762
gs9 14747 12385 12092
gs10 15845 13515 13340
gs11 17080 15045 15025
gs12 18722 16520 16772
gs13 20597 18522 18795
gs14 22782 21055 21182
gs15 25137 23687 24040
gs16 27865 27272 27215
gs17 30805 31210 31465
gs18 33918 36010 36453
gs19 36645 40828 41750
gs20 38830 44878 46503
gs21 39618 46410 48613
gs22 39820 47540 50370
gs23 40108 48153 50978
