patch r g b
a1 1029 8316 24757
a2 1057 8586 25353
a3 1107 9066 26626
a4 1098 9048 26632
a5 566 4612 13501
a6 594 4875 14243
a7 624 5177 15032
a8 657 5540 16033
a9 275 2181 6299
a10 277 2241 6453
a11 285 2316 6682
a12 290 2364 6805
a13 185 1470 4222
a14 189 1492 4291
a15 185 1465 4211
a16 182 1440 4127
a17 185 1449 4189
a18 180 1406 4033
a19 176 1373 3936
a20 1404 11321 33616
a21 1297 10681 31689
a22 1241 10308 30602
b1 1137 9152 27129
b2 1254 10223 30172
b3 1340 10990 32456
b4 1359 11172 32998
b5 701 5747 16867
b6 851 7080 20764
b7 1050 8770 25739
b8 1197 10038 29409
b9 286 2286 6590
b10 305 2472 7134
b11 328 2672 7744
b12 354 2903 8413
b13 188 1479 4232
b14 188 1490 4255
b15 210 1689 4880
b16 209 1661 4775
b17 209 1665 4794
b18 207 1632 4720
b19 179 1382 3964
b20 1367 11190 33161
b21 1283 10691 31656
b22 459 3778 11101
c1 1039 8332 24691
c2 1227 9984 29659
c3 1400 11403 33843
c4 1416 11618 34332
c5 515 4215 12310
c6 813 6737 19980
c7 1189 9954 29463
c8 1360 11398 33901
c9 276 2206 6384
c10 315 2553 7385
c11 363 2968 8591
c12 409 3399 9903
c13 192 1471 4210
c14 189 1488 4230
c15 240 1944 5622
c16 237 1881 5421
c17 236 1911 5536
c18 238 1887 5475
c19 182 1395 3991
c20 1427 11609 34395
c21 791 6585 19500
c22 366 2979 8735
d1 1079 8603 25609
d2 1271 10209 30255
d3 1452 11775 34963
d4 1478 12044 35805
d5 449 3648 10705
d6 714 5812 17189
d7 1129 9291 27857
d8 1470 12146 36575
d9 252 2001 5802
d10 293 2359 6834
d11 343 2800 8123
d12 603 4991 14801
d13 192 1453 4159
d14 189 1490 4240
d15 275 2226 6457
d16 279 2213 6391
d17 268 2183 6302
d18 271 2164 6310
d19 185 1413 4025
d20 1024 8532 25286
d21 470 3826 11210
d22 340 2774 8155
e1 1086 8664 25668
e2 1329 10633 31665
e3 1509 12126 36092
e4 1545 12416 36824
e5 657 5289 15555
e6 958 7766 23020
e7 1299 10517 31653
e8 1564 12707 38280
e9 306 2417 7004
e10 351 2802 8137
e11 399 3227 9426
e12 609 4960 14674
e13 195 1455 4154
e14 189 1475 4179
e15 315 2589 7536
e16 327 2614 7558
e17 314 2563 7435
e18 318 2525 7406
e19 191 1438 4082
e20 1297 10918 32533
e21 1101 9179 27406
e22 619 5124 15172
f1 1322 10510 31101
f2 1401 11135 33035
f3 1496 11878 35155
f4 1503 12101 35958
f5 767 6086 17886
f6 906 7130 21102
f7 1064 8362 24967
f8 1271 10084 30073
f9 284 2237 6437
f10 293 2299 6656
f11 308 2407 6970
f12 341 2671 7772
f13 197 1451 4151
f14 192 1516 4282
f15 377 3087 9055
f16 388 3097 8971
f17 375 3104 8994
f18 382 3048 8994
f19 195 1448 4115
f20 490 4028 11841
f21 527 4360 12883
f22 398 3276 9616
g1 1043 8198 24199
g2 1039 8130 24071
g3 1044 8157 23925
g4 1036 8113 23836
g5 549 4292 12449
g6 556 4221 12281
g7 564 4242 12357
g8 567 4176 12206
g9 274 2135 6182
g10 270 2108 6048
g11 273 2108 6063
g12 262 1978 5696
g13 202 1439 4112
g14 197 1556 4374
g15 459 3800 11151
g16 473 3808 11040
g17 455 3809 11022
g18 473 3762 11127
g19 203 1465 4143
g20 431 3543 10428
g21 601 4982 14818
g22 1248 10414 31571
h1 927 7273 21389
h2 817 6299 18484
h3 729 5561 16138
h4 687 5180 15065
h5 477 3688 10686
h6 422 3107 8965
h7 382 2669 7697
h8 349 2337 6664
h9 258 2023 5819
h10 245 1887 5427
h11 230 1760 5026
h12 204 1475 4207
h13 206 1432 4113
h14 200 1580 4433
h15 575 4795 14210
h16 600 4850 14151
h17 572 4791 14052
h18 596 4781 14229
h19 212 1481 4175
h20 430 3543 10454
h21 324 2615 7641
h22 537 4425 13175
i1 662 5149 15097
i2 515 3902 11243
i3 426 3070 8783
i4 343 2277 6401
i5 403 3148 9150
i6 344 2612 7523
i7 305 2281 6491
i8 241 1625 4577
i9 260 2023 5792
i10 240 1865 5362
i11 227 1755 5000
i12 198 1502 4263
i13 213 1417 4048
i14 203 1612 4507
i15 736 6124 18268
i16 784 6361 18543
i17 718 6087 17719
i18 778 6208 18659
i19 230 1533 4311
i20 426 3513 10413
i21 1083 8855 26671
i22 393 3176 9427
j1 929 7283 21443
j2 698 5365 15621
j3 530 3929 11181
j4 326 2137 5980
j5 456 3603 10496
j6 387 2986 8615
j7 319 2427 6922
j8 231 1686 4711
j9 255 1992 5726
j10 238 1856 5336
j11 222 1723 4921
j12 197 1505 4295
j13 223 1419 4047
j14 212 1675 4662
j15 978 8136 24437
j16 1055 8559 25116
j17 943 8011 23463
j18 1039 8289 25003
j19 247 1576 4399
j20 325 2568 7543
j21 1485 11989 36313
j22 1479 11873 35566
k1 691 5437 15935
k2 528 4171 12060
k3 425 3363 9621
k4 395 3101 8707
k5 405 3182 9243
k6 342 2695 7706
k7 291 2277 6485
k8 219 1701 4756
k9 251 1965 5639
k10 237 1855 5342
k11 223 1748 4978
k12 195 1506 4261
k13 235 1451 4122
k14 223 1762 4868
k15 1237 10274 31071
k16 1334 10851 31994
k17 1163 9870 28930
k18 1343 10736 32629
k19 270 1713 4757
k20 1235 9912 29526
k21 1302 10443 31141
k22 1007 7988 23706
l1 1006 7997 23569
l2 921 7433 21823
l3 853 6966 20266
l4 826 6723 19642
l5 506 4056 11810
l6 458 3726 10683
l7 417 3397 9642
l8 373 3051 8629
l9 260 2042 5866
l10 252 1990 5729
l11 249 1958 5646
l12 233 1858 5351
l13 245 1479 4218
l14 237 1880 5221
l15 1437 11965 36296
l16 1557 12692 37428
l17 1308 11082 32647
l18 1581 12703 38678
l19 307 1999 5550
l20 1457 11792 34967
l21 1376 11159 33129
l22 1264 10274 30599
gs0 167 1286 3743
gs1 183 1421 4130
gs2 198 1540 4467
gs3 212 1649 4813
gs4 229 1795 5222
gs5 251 1970 5714
gs6 273 2151 6270
gs7 302 2359 6863
gs8 330 2606 7553
gs9 365 2881 8364
gs10 410 3242 9441
gs11 458 3637 10600
gs12 504 4024 11690
gs13 566 4528 13290
gs14 646 5164 15126
gs15 752 5984 17629
gs16 849 6818 19982
gs17 996 7958 23267
gs18 1122 9048 26724
gs19 1262 10170 30028
gs20 1378 11084 33021
gs21 1419 11464 34233
gs22 1456 11789 35167
gs23 1452 11760 35284
