patch r g b
a1 24445 31640 33320
a2 22855 32237 33650
a3 21780 32237 33853
a4 21192 32072 33448
a5 17410 22327 21812
a6 15662 23915 22985
a7 14522 25540 24007
a8 13415 27150 24922
a9 11282 10685 10547
a10 10867 11117 10792
a11 10430 11645 11187
a12 10165 12097 11625
a13 9035 7245 7150
a14 8875 7452 7202
a15 8800 7160 7127
a16 8855 7245 7160
a17 8695 7147 7170
a18 8620 6992 6947
a19 8822 7105 6850
a20 26542 33553 37925
a21 21685 31502 35665
a22 16600 29287 33245
b1 24827 32082 34760
b2 23825 32808 35665
b3 22802 33048 36188
b4 22237 33020 36103
b5 17220 23420 25242
b6 15940 25652 28450
b7 14950 28070 31327
b8 13990 29515 32650
b9 11357 10805 11112
b10 10910 11490 12082
b11 10560 12125 13052
b12 10292 12685 13840
b13 9600 7297 7170
b14 8970 7835 7245
b15 8917 7595 8267
b16 9835 8287 8385
b17 9015 8225 8277
b18 9505 7537 8182
b19 9440 7585 7010
b20 25190 33240 37765
b21 17965 30315 34258
b22 11890 15407 17315
c1 23880 30145 32798
c2 23282 31215 34568
c3 23005 31832 36293
c4 22525 31517 36133
c5 13712 15827 18945
c6 13382 18817 26437
c7 13117 21172 31552
c8 13000 22237 32895
c9 10645 9892 10430
c10 10462 10660 12337
c11 10217 11325 14150
c12 10142 11985 15802
c13 10377 7372 7160
c14 9120 8442 7340
c15 9035 8060 9492
c16 10910 9440 9695
c17 9312 9365 9557
c18 10517 8112 9492
c19 10462 8267 7212
c20 26457 33730 38383
c21 13020 21380 26180
c22 11252 12800 14320
d1 24455 30155 33278
d2 24720 31060 35420
d3 24987 31610 37243
d4 24487 30997 36858
d5 13467 13552 16782
d6 13767 15620 24625
d7 14362 17235 31637
d8 14790 18022 34865
d9 10142 8987 9695
d10 10315 9615 11720
d11 10325 10110 13542
d12 10612 11852 21525
d13 11347 7467 7192
d14 9345 9312 7575
d15 9195 8580 11070
d16 12392 10985 11357
d17 9675 10815 11060
d18 11635 8705 10867
d19 11645 9082 7382
d20 16005 26155 30965
d21 14097 15582 18050
d22 10877 11532 13362
e1 25180 30122 33588
e2 25680 30857 35963
e3 26395 31290 37775
e4 26425 30742 37818
e5 19010 19370 23547
e6 20480 20792 30122
e7 22152 21545 34780
e8 23720 21950 37475
e9 12222 10567 11710
e10 12657 11070 13565
e11 13137 11480 15620
e12 14330 12555 22450
e13 12552 7687 7277
e14 9642 10335 7862
e15 9355 9172 12902
e16 14140 13025 13500
e17 10175 12625 12967
e18 13085 9487 12840
e19 13117 10067 7597
e20 13127 25092 32372
e21 15087 23330 30987
e22 11975 16382 21897
f1 26927 33443 36943
f2 27140 33688 37765
f3 27535 33570 38318
f4 27577 33453 38040
f5 23975 24107 27065
f6 25670 24367 29942
f7 26670 24565 32798
f8 27290 24705 35440
f9 12477 10307 10815
f10 13085 10340 11390
f11 13745 10457 12167
f12 15642 10202 13405
f13 14065 7980 7382
f14 9972 11540 8150
f15 9665 9992 15280
f16 16335 15615 16132
f17 10697 14830 15312
f18 14822 10495 15312
f19 15110 11400 7937
f20 13372 15252 19020
f21 11582 14587 19787
f22 10890 12365 15492
g1 26395 31322 33278
g2 26617 31107 33183
g3 26872 30725 33108
g4 27012 30367 32768
g5 22355 19925 20617
g6 24337 19467 20800
g7 25627 18917 20692
g8 26160 18610 20725
g9 12467 10105 10292
g10 13405 10110 10645
g11 14085 9967 10570
g12 16367 9295 10175
g13 15737 8257 7532
g14 10367 13047 8470
g15 9835 10887 18177
g16 18892 19260 19820
g17 11230 17622 18360
g18 16707 11715 18592
g19 17527 13147 8460
g20 11635 13002 17122
g21 11762 14292 21907
g22 10762 15177 30625
h1 26202 30810 31412
h2 26382 30097 29420
h3 26617 29372 27257
h4 26617 28360 25585
h5 22035 19487 18125
h6 23985 18290 16035
h7 25137 17282 14417
h8 25455 16420 12680
h9 12615 10190 10015
h10 13147 9925 9505
h11 13755 9562 8950
h12 15770 8862 7715
h13 17655 8602 7670
h14 10910 14782 8927
h15 10100 11970 21982
h16 21940 23965 24775
h17 11847 20927 22270
h18 18945 13270 22845
h19 20287 15327 8970
h20 11230 11890 16975
h21 12582 11800 13552
h22 12062 12232 20000
i1 24912 28072 26192
i2 25200 26430 21492
i3 25552 25140 17687
i4 25872 22807 13362
i5 18562 17202 15472
i6 19435 16697 13435
i7 20075 16110 12020
i8 21992 14065 8780
i9 12167 10415 9962
i10 12190 10195 9345
i11 12307 10085 8907
i12 12552 9637 7810
i13 19382 8832 7735
i14 11442 16732 9440
i15 10282 12992 25850
i16 24530 28637 30315
i17 12552 24480 25850
i18 21310 14995 27492
i19 22600 18075 9760
i20 11455 11085 16975
i21 20947 20292 32510
i22 14012 10607 15502
j1 26287 32200 31860
j2 26062 31007 27597
j3 25990 29600 22195
j4 25990 26015 13307
j5 19722 20282 17890
j6 19542 19737 15270
j7 19510 19167 13117
j8 19445 17512 9440
j9 11945 10415 9867
j10 11752 10372 9355
j11 11582 10227 8630
j12 11390 9987 7660
j13 21087 9200 7915
j14 12030 18935 10005
j15 10517 14107 29472
j16 26352 32425 35090
j17 13180 27512 29867
j18 23677 17335 32552
j19 24252 21125 10665
j20 14097 10217 13660
j21 26150 25322 37328
j22 26532 32132 37690
k1 23272 28592 26480
k2 21715 27852 22162
k3 20255 27097 18827
k4 19617 26975 17452
k5 16857 17985 15567
k6 15865 18347 13787
k7 14917 18647 12265
k8 13085 19030 9727
k9 11582 10565 9792
k10 11145 10632 9280
k11 10730 10697 8747
k12 10165 10990 7820
k13 22407 9915 8300
k14 12712 21272 10772
k15 10740 14997 31722
k16 27607 34513 38350
k17 14000 29617 32660
k18 25510 19972 36230
k19 25050 24042 11975
k20 26457 31550 36028
k21 26607 32440 36538
k22 25797 30640 32552
l1 24635 31412 32095
l2 23175 31375 31242
l3 21780 30955 29985
l4 21342 30837 29420
l5 17527 21530 19520
l6 15832 22817 18647
l7 14490 24000 17612
l8 13500 25237 17005
l9 11465 10760 10240
l10 10965 11015 10142
l11 10580 11340 9910
l12 10132 11677 9792
l13 23347 10995 8780
l14 13522 23202 11730
l15 11060 15855 32895
l16 27855 35265 40045
l17 14875 30517 34153
l18 26542 23270 38170
l19 25412 26265 13787
l20 26895 33763 38190
l21 26522 33165 37263
l22 25455 32030 35293
gs0 8545 6695 6285
gs1 9035 7280 6947
gs2 9577 7807 7585
gs3 10112 8357 8225
gs4 10805 9055 9015
gs5 11667 9865 9940
gs6 12497 10807 10995
gs7 13467 11847 12092
gs8 14460 12972 13117
gs9 15502 14335 14555
gs10 16697 15832 16132
gs11 17900 17757 18115
gs12 19372 19717 20075
gs13 20832 22067 22482
gs14 22195 24465 24945
gs15 23462 26717 27587
gs16 24540 28907 30390
gs17 25327 30452 32425
gs18 25872 31520 33960
gs19 26222 32397 35888
gs20 26352 32820 36740
gs21 26235 32660 36720
gs22 26032 32372 36730
gs23 25830 31917 36400
