patch,r,g,b,refR,refG,refB,refX,refY,refZ
a1,12158.0,18440.0,13743.0,0,0,0,3.6,3.01,2.05
a2,11023.0,21221.0,14559.0,0,0,0,4.42,2.97,1.76
a3,10379.0,24099.0,15964.0,0,0,0,5.12,3.01,1.46
a4,10154.0,24278.0,15839.0,0,0,0,5.65,3.26,1.6
a5,7790.0,10193.0,7570.0,0,0,0,12.71,10.97,7.93
a6,6703.0,11325.0,8008.0,0,0,0,15.07,11.1,6.97
a7,5889.0,12956.0,8438.0,0,0,0,17.42,11.1,6.06
a8,5301.0,15964.0,9015.0,0,0,0,20.36,11.07,5.12
a9,4816.0,4800.0,3678.0,0,0,0,40.62,39.94,31.49
a10,4525.0,4881.0,3692.0,0,0,0,42.88,40.04,30.47
a11,4262.0,5024.0,3791.0,0,0,0,45.09,40.03,29.12
a12,4062.0,5143.0,3839.0,0,0,0,46.77,39.85,28.06
a13,3958.0,3242.0,2382.0,0,0,0,71.78,75.46,63.09
a14,3892.0,3368.0,2464.0,0,0,0,71.91,73.14,62.17
a15,3803.0,3171.0,2358.0,0,0,0,74.11,76.98,63.06
a16,3860.0,3229.0,2361.0,0,0,0,72.73,75.12,62.6
a17,3803.0,3165.0,2344.0,0,0,0,74.05,76.81,62.33
a18,3802.0,3136.0,2317.0,0,0,0,74.16,77.19,62.97
a19,3913.0,3181.0,2240.0,0,0,0,69.16,71.7,62.05
a20,16937.0,27027.0,21105.0,0,0,0,1.37,1.12,0.78
a21,10277.0,24111.0,20400.0,0,0,0,5.17,3.27,0.85
a22,7622.0,22742.0,19893.0,0,0,0,10.35,5.9,0.91
b1,12533.0,19153.0,15770.0,0,0,0,3.35,2.93,1.63
b2,11651.0,22302.0,18984.0,0,0,0,3.98,2.94,1.07
b3,10999.0,25182.0,22013.0,0,0,0,4.71,3.09,0.74
b4,10748.0,25946.0,22768.0,0,0,0,5.08,3.21,0.69
b5,7669.0,10898.0,9355.0,0,0,0,12.86,11.1,5.86
b6,6724.0,12542.0,11464.0,0,0,0,14.66,11.01,3.94
b7,6007.0,15464.0,14886.0,0,0,0,16.97,10.94,2.28
b8,5637.0,19889.0,19061.0,0,0,0,19.7,11.01,1.2
b9,4804.0,4817.0,3803.0,0,0,0,40.39,40.01,29.68
b10,4481.0,5018.0,4114.0,0,0,0,42.59,40.11,26.44
b11,4249.0,5213.0,4410.0,0,0,0,44.29,39.94,23.52
b12,4025.0,5324.0,4622.0,0,0,0,45.98,39.89,21.17
b13,4211.0,3258.0,2364.0,0,0,0,65.55,71.21,61.79
b14,3881.0,3445.0,2409.0,0,0,0,68.8,67.99,60.07
b15,3799.0,3321.0,2656.0,0,0,0,71.26,74.48,51.88
b16,4245.0,3646.0,2666.0,0,0,0,57.82,60.0,49.14
b17,3854.0,3586.0,2677.0,0,0,0,65.61,64.93,49.68
b18,4219.0,3395.0,2663.0,0,0,0,62.84,68.83,51.29
b19,4195.0,3379.0,2265.0,0,0,0,60.77,62.73,59.44
b20,13091.0,25907.0,21733.0,0,0,0,2.87,2.06,0.8
b21,8404.0,24106.0,20868.0,0,0,0,8.37,4.88,0.88
b22,4769.0,6782.0,6014.0,0,0,0,29.02,24.67,11.91
c1,11567.0,15820.0,13687.0,0,0,0,4.49,4.31,2.29
c2,11193.0,18062.0,17921.0,0,0,0,4.9,4.37,1.42
c3,11004.0,20533.0,23134.0,0,0,0,5.13,4.3,0.82
c4,10782.0,20379.0,23978.0,0,0,0,5.7,4.77,0.85
c5,5798.0,7199.0,6919.0,0,0,0,23.78,22.59,10.89
c6,5246.0,8550.0,10587.0,0,0,0,25.55,22.41,5.5
c7,4983.0,11098.0,17778.0,0,0,0,27.72,22.42,2.39
c8,5109.0,13531.0,24636.0,0,0,0,28.7,22.23,1.28
c9,4472.0,4409.0,3619.0,0,0,0,46.89,47.28,32.4
c10,4272.0,4670.0,4192.0,0,0,0,48.17,47.13,26.63
c11,4060.0,4882.0,4848.0,0,0,0,49.81,47.42,21.58
c12,3918.0,5087.0,5395.0,0,0,0,50.47,46.85,18.1
c13,4655.0,3363.0,2368.0,0,0,0,58.24,65.94,60.94
c14,3911.0,3665.0,2417.0,0,0,0,64.18,60.73,57.45
c15,3770.0,3468.0,3020.0,0,0,0,68.73,71.96,42.7
c16,4672.0,4123.0,3064.0,0,0,0,45.88,47.73,38.75
c17,3864.0,3968.0,3028.0,0,0,0,58.66,55.64,39.4
c18,4650.0,3671.0,3067.0,0,0,0,53.28,61.12,41.61
c19,4706.0,3734.0,2328.0,0,0,0,50.72,52.04,56.28
c20,16217.0,27150.0,23095.0,0,0,0,1.7,1.45,0.76
c21,5110.0,9990.0,10459.0,0,0,0,22.87,17.19,4.72
c22,4534.0,5535.0,4724.0,0,0,0,34.53,31.48,17.4
d1,12253.0,15592.0,14184.0,0,0,0,4.16,4.32,2.27
d2,12449.0,17117.0,18353.0,0,0,0,4.07,4.26,1.47
d3,12743.0,19055.0,24011.0,0,0,0,4.08,4.3,0.89
d4,12265.0,18577.0,24480.0,0,0,0,4.69,4.91,0.92
d5,5712.0,6112.0,5982.0,0,0,0,26.68,27.74,13.94
d6,5619.0,7073.0,9231.0,0,0,0,26.33,27.41,7.43
d7,5757.0,9027.0,15671.0,0,0,0,26.1,27.43,3.6
d8,6231.0,12432.0,26343.0,0,0,0,25.91,27.31,1.65
d9,4314.0,4028.0,3334.0,0,0,0,53.02,55.12,37.61
d10,4230.0,4198.0,3878.0,0,0,0,52.96,55.14,30.47
d11,4163.0,4404.0,4550.0,0,0,0,52.49,54.62,24.44
d12,4122.0,5374.0,7876.0,0,0,0,52.17,54.65,11.69
d13,5184.0,3469.0,2383.0,0,0,0,51.28,60.55,59.94
d14,3981.0,4017.0,2488.0,0,0,0,58.99,52.82,54.44
d15,3764.0,3684.0,3525.0,0,0,0,66.07,69.08,34.69
d16,5257.0,4756.0,3551.0,0,0,0,35.35,36.71,29.94
d17,3915.0,4510.0,3547.0,0,0,0,51.68,46.54,30.64
d18,5131.0,3930.0,3463.0,0,0,0,44.32,53.48,33.27
d19,5331.0,4176.0,2426.0,0,0,0,41.16,41.63,52.5
d20,6816.0,13601.0,14274.0,0,0,0,13.96,10.52,2.72
d21,6001.0,6871.0,6021.0,0,0,0,21.28,20.6,11.58
d22,4380.0,4978.0,4364.0,0,0,0,38.28,36.52,19.91
e1,13229.0,15357.0,14146.0,0,0,0,3.71,4.2,2.3
e2,14303.0,16612.0,18811.0,0,0,0,3.39,4.21,1.48
e3,15488.0,18303.0,24461.0,0,0,0,3.12,4.17,0.94
e4,15319.0,18146.0,25349.0,0,0,0,3.34,4.54,0.97
e5,8657.0,8676.0,8420.0,0,0,0,12.46,14.03,7.52
e6,9262.0,9639.0,12217.0,0,0,0,11.51,14.17,4.54
e7,10317.0,11503.0,18703.0,0,0,0,10.28,14.01,2.58
e8,11672.0,14302.0,27630.0,0,0,0,9.41,13.94,1.45
e9,5237.0,4808.0,4058.0,0,0,0,37.32,40.04,27.82
e10,5294.0,4882.0,4535.0,0,0,0,36.12,40.08,23.52
e11,5496.0,5107.0,5279.0,0,0,0,34.48,39.54,19.51
e12,6059.0,5829.0,7902.0,0,0,0,31.25,39.49,11.51
e13,5799.0,3567.0,2371.0,0,0,0,44.56,54.93,58.76
e14,4077.0,4419.0,2556.0,0,0,0,53.83,45.36,51.25
e15,3735.0,3907.0,4125.0,0,0,0,63.56,66.14,27.3
e16,6032.0,5586.0,4200.0,0,0,0,26.43,27.39,22.31
e17,3950.0,5175.0,4127.0,0,0,0,45.25,38.47,22.96
e18,5793.0,4333.0,4155.0,0,0,0,36.26,46.15,25.81
e19,6127.0,4682.0,2511.0,0,0,0,32.7,32.33,48.49
e20,5225.0,15078.0,23090.0,0,0,0,24.1,16.56,1.28
e21,6284.0,11993.0,15633.0,0,0,0,16.87,13.84,2.61
e22,4641.0,7202.0,7876.0,0,0,0,29.42,25.29,8.09
f1,19642.0,21383.0,18202.0,0,0,0,1.44,1.82,1.33
f2,23040.0,21836.0,20615.0,0,0,0,1.14,1.81,1.11
f3,25564.0,22165.0,23094.0,0,0,0,0.96,1.86,0.95
f4,25958.0,21957.0,23766.0,0,0,0,1.04,2.07,1.04
f5,12057.0,10774.0,9580.0,0,0,0,6.56,8.17,5.7
f6,14853.0,10848.0,10983.0,0,0,0,5.29,8.1,4.88
f7,19390.0,11618.0,13214.0,0,0,0,4.12,7.88,4.01
f8,24317.0,12781.0,16575.0,0,0,0,3.17,7.93,3.15
f9,5410.0,4673.0,3713.0,0,0,0,36.82,39.95,31.21
f10,5676.0,4641.0,3778.0,0,0,0,35.06,39.82,30.35
f11,6032.0,4709.0,3977.0,0,0,0,33.34,39.72,28.68
f12,7197.0,4770.0,4423.0,0,0,0,28.72,39.6,25.54
f13,6749.0,3763.0,2414.0,0,0,0,37.91,49.0,57.14
f14,4126.0,4857.0,2615.0,0,0,0,48.68,38.42,47.78
f15,3694.0,4150.0,4873.0,0,0,0,61.43,63.43,21.2
f16,7059.0,6651.0,5002.0,0,0,0,19.07,19.84,16.29
f17,4052.0,6090.0,4987.0,0,0,0,39.69,31.74,17.01
f18,6669.0,4833.0,4977.0,0,0,0,29.06,39.29,19.71
f19,7270.0,5388.0,2623.0,0,0,0,25.36,24.37,44.23
f20,5543.0,6819.0,6551.0,0,0,0,25.51,24.4,11.61
f21,4571.0,6419.0,6969.0,0,0,0,32.92,29.82,10.41
f22,4312.0,5364.0,5264.0,0,0,0,37.76,35.31,15.44
g1,17671.0,16703.0,12963.0,0,0,0,2.24,2.84,2.62
g2,22052.0,16522.0,12857.0,0,0,0,1.8,2.81,2.81
g3,25462.0,16105.0,12713.0,0,0,0,1.51,2.88,3.06
g4,25861.0,15776.0,12591.0,0,0,0,1.63,3.14,3.31
g5,10875.0,8885.0,7072.0,0,0,0,9.02,11.02,9.72
g6,13304.0,8548.0,6761.0,0,0,0,7.51,10.82,10.37
g7,17869.0,8625.0,6772.0,0,0,0,6.21,10.78,10.87
g8,23496.0,8756.0,6558.0,0,0,0,4.84,10.54,11.46
g9,5433.0,4558.0,3474.0,0,0,0,36.78,40.1,33.33
g10,5888.0,4508.0,3449.0,0,0,0,34.81,40.06,34.24
g11,6365.0,4526.0,3437.0,0,0,0,32.74,39.52,34.75
g12,7924.0,4415.0,3289.0,0,0,0,28.17,39.67,37.32
g13,7794.0,3961.0,2438.0,0,0,0,32.34,43.69,55.43
g14,4199.0,5446.0,2656.0,0,0,0,43.33,31.66,43.84
g15,3643.0,4463.0,5849.0,0,0,0,59.44,60.7,15.78
g16,8228.0,8116.0,6100.0,0,0,0,13.19,13.68,11.25
g17,4156.0,7310.0,6051.0,0,0,0,34.42,25.62,11.79
g18,7663.0,5450.0,6104.0,0,0,0,22.98,33.15,14.47
g19,8558.0,6250.0,2754.0,0,0,0,19.22,17.59,39.78
g20,4652.0,5700.0,5872.0,0,0,0,35.48,34.29,14.35
g21,4593.0,6308.0,7785.0,0,0,0,33.68,32.18,9.03
g22,4176.0,9463.0,19894.0,0,0,0,44.97,41.42,2.73
h1,16891.0,16338.0,11267.0,0,0,0,2.48,2.9,3.3
h2,20875.0,15733.0,9950.0,0,0,0,2.18,2.89,4.31
h3,25304.0,15305.0,8869.0,0,0,0,1.91,2.82,5.47
h4,26261.0,14483.0,8348.0,0,0,0,2.07,3.18,6.44
h5,10617.0,8840.0,6244.0,0,0,0,9.54,10.9,11.81
h6,12951.0,8270.0,5274.0,0,0,0,8.56,10.92,15.18
h7,17292.0,8067.0,4655.0,0,0,0,7.56,10.8,18.87
h8,23783.0,8037.0,4022.0,0,0,0,6.47,10.48,23.24
h9,5463.0,4545.0,3297.0,0,0,0,37.1,39.87,36.01
h10,5822.0,4463.0,3125.0,0,0,0,35.94,39.86,39.41
h11,6238.0,4337.0,2896.0,0,0,0,34.77,40.11,43.54
h12,7681.0,4167.0,2479.0,0,0,0,31.37,39.86,53.6
h13,9083.0,4205.0,2459.0,0,0,0,27.4,38.66,53.54
h14,4327.0,6301.0,2770.0,0,0,0,38.54,25.97,40.04
h15,3667.0,4994.0,7330.0,0,0,0,57.65,58.09,11.55
h16,9682.0,10080.0,7569.0,0,0,0,8.79,9.09,7.52
h17,4295.0,8874.0,7430.0,0,0,0,30.0,20.76,7.97
h18,8861.0,6138.0,7507.0,0,0,0,17.94,27.73,10.39
h19,10183.0,7354.0,2940.0,0,0,0,14.43,12.32,35.59
h20,4455.0,5199.0,5747.0,0,0,0,40.11,40.56,15.11
h21,5244.0,5096.0,4253.0,0,0,0,30.41,31.53,20.14
h22,4843.0,5429.0,6824.0,0,0,0,34.18,37.07,11.1
i1,13336.0,13582.0,8291.0,0,0,0,4.16,4.25,5.57
i2,14927.0,12853.0,6664.0,0,0,0,4.22,4.26,8.42
i3,17818.0,12290.0,5561.0,0,0,0,4.25,4.23,11.7
i4,25886.0,11358.0,4279.0,0,0,0,4.3,4.22,18.88
i5,8530.0,7901.0,5386.0,0,0,0,13.9,14.27,15.06
i6,8978.0,7583.0,4559.0,0,0,0,13.87,14.18,19.13
i7,9455.0,7418.0,4057.0,0,0,0,14.09,14.3,23.57
i8,11728.0,6812.0,2991.0,0,0,0,14.17,14.28,37.97
i9,5170.0,4587.0,3308.0,0,0,0,38.44,39.68,35.7
i10,5287.0,4516.0,3089.0,0,0,0,38.68,39.92,39.37
i11,5373.0,4451.0,2878.0,0,0,0,38.82,39.95,43.1
i12,5568.0,4249.0,2494.0,0,0,0,39.39,40.48,52.11
i13,10619.0,4480.0,2499.0,0,0,0,22.98,33.84,51.3
i14,4518.0,7450.0,2930.0,0,0,0,33.71,20.65,35.93
i15,3694.0,5665.0,9377.0,0,0,0,55.88,55.42,8.16
i16,11555.0,12921.0,9537.0,0,0,0,5.48,5.63,4.71
i17,4493.0,11166.0,9339.0,0,0,0,25.84,16.48,5.07
i18,10367.0,7107.0,9539.0,0,0,0,13.69,22.84,7.12
i19,12338.0,8698.0,3099.0,0,0,0,10.53,8.11,31.26
i20,4588.0,4860.0,5675.0,0,0,0,40.46,44.14,15.57
i21,9561.0,9834.0,14452.0,0,0,0,10.6,14.14,3.33
i22,6142.0,4735.0,4868.0,0,0,0,27.73,35.54,16.85
j1,16680.0,20330.0,11687.0,0,0,0,2.03,1.81,2.98
j2,16942.0,19804.0,9041.0,0,0,0,2.43,1.89,4.86
j3,18273.0,18742.0,7130.0,0,0,0,2.75,1.86,7.76
j4,27122.0,15659.0,4464.0,0,0,0,3.89,1.92,19.02
j5,9009.0,9263.0,6128.0,0,0,0,11.37,11.02,11.93
j6,8899.0,9018.0,5167.0,0,0,0,12.09,11.01,15.55
j7,8918.0,8816.0,4379.0,0,0,0,13.09,11.24,20.23
j8,9138.0,8403.0,3253.0,0,0,0,15.11,11.12,33.57
j9,5034.0,4536.0,3218.0,0,0,0,39.41,40.08,36.29
j10,4996.0,4512.0,3039.0,0,0,0,40.38,40.15,39.28
j11,4986.0,4484.0,2856.0,0,0,0,41.5,40.42,43.68
j12,4950.0,4379.0,2535.0,0,0,0,43.0,40.44,51.03
j13,12639.0,4783.0,2516.0,0,0,0,19.05,29.21,48.71
j14,4774.0,8997.0,3149.0,0,0,0,29.51,16.47,32.13
j15,3772.0,6856.0,12960.0,0,0,0,54.05,52.52,5.29
j16,14292.0,17447.0,13214.0,0,0,0,3.1,3.21,2.66
j17,4925.0,15085.0,13008.0,0,0,0,22.32,13.18,2.86
j18,12488.0,8753.0,13402.0,0,0,0,10.1,18.32,4.5
j19,15763.0,10389.0,3272.0,0,0,0,7.58,5.05,27.03
j20,6214.0,4504.0,4135.0,0,0,0,29.46,37.68,22.04
j21,17949.0,14577.0,24388.0,0,0,0,4.0,7.61,1.46
j22,22585.0,21733.0,23574.0,0,0,0,1.27,2.04,0.96
k1,11212.0,15157.0,8940.0,0,0,0,5.15,4.32,5.09
k2,10198.0,16238.0,7364.0,0,0,0,6.39,4.32,7.23
k3,9417.0,17298.0,6396.0,0,0,0,7.75,4.37,9.62
k4,9085.0,18184.0,6011.0,0,0,0,8.62,4.45,11.15
k5,7460.0,8160.0,5389.0,0,0,0,15.56,14.22,14.49
k6,6868.0,8398.0,4673.0,0,0,0,17.79,14.33,18.03
k7,6332.0,8686.0,4150.0,0,0,0,20.02,14.38,21.96
k8,5375.0,9397.0,3313.0,0,0,0,25.52,14.48,31.69
k9,4814.0,4535.0,3198.0,0,0,0,40.84,40.34,36.15
k10,4599.0,4528.0,2990.0,0,0,0,42.98,40.37,39.23
k11,4472.0,4585.0,2818.0,0,0,0,44.92,40.27,42.42
k12,4229.0,4689.0,2567.0,0,0,0,48.93,40.18,48.91
k13,15620.0,5227.0,2573.0,0,0,0,15.44,24.54,45.44
k14,5153.0,11330.0,3500.0,0,0,0,25.29,12.75,27.93
k15,3994.0,8794.0,18706.0,0,0,0,52.06,49.38,3.26
k16,18961.0,24473.0,18880.0,0,0,0,1.54,1.61,1.35
k17,5612.0,21190.0,18098.0,0,0,0,18.93,10.33,1.47
k18,15903.0,11255.0,19273.0,0,0,0,6.97,13.97,2.67
k19,21357.0,13039.0,3590.0,0,0,0,5.37,2.89,22.62
k20,17973.0,17638.0,16429.0,0,0,0,2.28,3.02,1.91
k21,22601.0,21818.0,17800.0,0,0,0,1.26,1.72,1.49
k22,21748.0,18427.0,12213.0,0,0,0,1.62,2.1,2.79
l1,12554.0,19540.0,13033.0,0,0,0,3.58,2.92,2.64
l2,11202.0,21321.0,12192.0,0,0,0,4.48,2.96,2.93
l3,10385.0,23080.0,11645.0,0,0,0,5.39,3.12,3.23
l4,10099.0,23049.0,11138.0,0,0,0,5.95,3.4,3.57
l5,7728.0,9903.0,6658.0,0,0,0,12.96,11.08,9.97
l6,6692.0,10964.0,6374.0,0,0,0,15.38,10.99,10.69
l7,5863.0,12511.0,5925.0,0,0,0,18.18,11.02,11.56
l8,5372.0,15228.0,5692.0,0,0,0,21.16,10.96,12.58
l9,4683.0,4568.0,3285.0,0,0,0,40.94,39.99,33.66
l10,4414.0,4620.0,3206.0,0,0,0,43.02,39.82,34.15
l11,4207.0,4672.0,3092.0,0,0,0,45.36,39.98,35.08
l12,4022.0,4789.0,3060.0,0,0,0,48.06,40.19,35.97
l13,19601.0,5827.0,2673.0,0,0,0,12.12,19.77,41.27
l14,5602.0,14367.0,3917.0,0,0,0,21.34,9.74,23.64
l15,4367.0,11720.0,27396.0,0,0,0,48.52,44.71,1.86
l16,25579.0,34992.0,27974.0,0,0,0,0.63,0.68,0.6
l17,6569.0,29138.0,24986.0,0,0,0,15.51,7.82,0.67
l18,21441.0,15391.0,28748.0,0,0,0,4.37,9.78,1.44
l19,26799.0,16556.0,4215.0,0,0,0,3.85,1.6,18.27
l20,25209.0,31210.0,23577.0,0,0,0,0.71,0.78,0.82
l21,22003.0,29438.0,21078.0,0,0,0,0.96,0.93,1.01
l22,15610.0,25315.0,17687.0,0,0,0,1.94,1.57,1.38
gs0,3558.0,2966.0,2117.0,0,0,0,74.72,77.75,63.04
gs1,3773.0,3239.0,2341.0,0,0,0,65.56,67.88,55.45
gs2,4012.0,3485.0,2554.0,0,0,0,58.77,60.99,49.71
gs3,4237.0,3738.0,2758.0,0,0,0,52.06,53.98,44.05
gs4,4511.0,4018.0,2985.0,0,0,0,45.81,47.44,38.7
gs5,4844.0,4366.0,3284.0,0,0,0,39.71,41.23,33.59
gs6,5167.0,4718.0,3586.0,0,0,0,34.84,36.16,29.36
gs7,5588.0,5146.0,3936.0,0,0,0,30.03,31.18,25.42
gs8,6102.0,5645.0,4315.0,0,0,0,25.6,26.6,21.81
gs9,6649.0,6283.0,4821.0,0,0,0,21.49,22.27,18.18
gs10,7205.0,6880.0,5268.0,0,0,0,18.22,18.88,15.51
gs11,7845.0,7704.0,5885.0,0,0,0,15.15,15.65,12.67
gs12,8599.0,8594.0,6590.0,0,0,0,12.54,12.98,10.68
gs13,9389.0,9710.0,7390.0,0,0,0,10.08,10.41,8.63
gs14,10315.0,10993.0,8285.0,0,0,0,8.0,8.24,6.87
gs15,11330.0,12498.0,9558.0,0,0,0,6.21,6.42,5.29
gs16,12479.0,14376.0,10773.0,0,0,0,4.68,4.81,4.05
gs17,14066.0,16701.0,12610.0,0,0,0,3.52,3.65,3.03
gs18,15983.0,19616.0,14952.0,0,0,0,2.57,2.68,2.23
gs19,18491.0,23205.0,17952.0,0,0,0,1.75,1.84,1.54
gs20,20929.0,27012.0,21255.0,0,0,0,1.17,1.22,1.07
gs21,22315.0,29113.0,23056.0,0,0,0,0.95,1.0,0.87
gs22,23239.0,30744.0,24434.0,0,0,0,0.75,0.8,0.7
gs23,25828.0,32508.0,25620.0,0,0,0,0.43,0.52,0.56
