patch,r,g,b,refR,refG,refB,refX,refY,refZ
a1,24732.0,29952.0,33460.0,0,0,0,1540.89555006,1394.0,1372.89184178
a2,23292.0,30212.0,33918.0,0,0,0,1756.6170755,1383.0,1266.24466391
a3,21917.0,30522.0,34375.0,0,0,0,1921.44012945,1375.0,1153.39805825
a4,21385.0,30387.0,34140.0,0,0,0,2056.4045677,1440.0,1201.80097879
a5,17495.0,22440.0,24027.0,0,0,0,4144.71662125,3701.0,3359.24856191
a6,14970.0,23757.0,25445.0,0,0,0,4771.84104938,3739.0,3029.28240741
a7,13287.0,25035.0,26352.0,0,0,0,5314.16666667,3682.0,2670.5
a8,12007.0,26025.0,27055.0,0,0,0,5988.85311475,3643.0,2312.40918033
a9,10410.0,10842.0,11210.0,0,0,0,12155.5568581,11980.0,10975.8147714
a10,9887.0,11210.0,11390.0,0,0,0,12713.7809187,12000.0,10621.9081272
a11,9515.0,11650.0,11870.0,0,0,0,13202.6743499,11930.0,10121.462766
a12,9227.0,12002.0,12210.0,0,0,0,13693.3769322,11940.0,9860.08323424
a13,8502.0,7085.0,7202.0,0,0,0,21174.6122449,22170.0,21290.9562682
a14,8182.0,7110.0,7052.0,0,0,0,21130.7833284,21480.0,20883.1569613
a15,8012.0,6710.0,6830.0,0,0,0,21783.4484761,22590.0,21199.8461538
a16,8012.0,6717.0,6702.0,0,0,0,21326.0961313,21970.0,21094.2907386
a17,7830.0,6557.0,6615.0,0,0,0,21655.848564,22410.0,20947.2062663
a18,7777.0,6375.0,6457.0,0,0,0,21686.7024673,22510.0,21144.371553
a19,7947.0,6535.0,6340.0,0,0,0,20181.7634855,20830.0,20725.0474215
a20,25402.0,30117.0,34920.0,0,0,0,677.534555308,603.3,642.340452662
a21,20470.0,28690.0,33918.0,0,0,0,1736.39698492,1221.0,651.825598581
a22,14705.0,26910.0,31967.0,0,0,0,3086.12137203,1944.0,669.08707124
b1,25105.0,30447.0,34653.0,0,0,0,1469.44946809,1371.0,1210.96897163
b2,24187.0,30847.0,35483.0,0,0,0,1616.66187262,1361.0,1017.054887
b3,23037.0,31125.0,35920.0,0,0,0,1779.34856974,1371.0,892.706576231
b4,22495.0,30965.0,36028.0,0,0,0,1889.49837806,1421.0,880.005897965
b5,17070.0,23350.0,27555.0,0,0,0,4135.86095346,3702.0,2667.24687855
b6,15162.0,25237.0,30295.0,0,0,0,4610.41608294,3677.0,2015.18968899
b7,13617.0,27037.0,32532.0,0,0,0,5131.65018264,3623.0,1425.17561113
b8,12380.0,27832.0,33278.0,0,0,0,5745.68917749,3593.0,1030.71919192
b9,10442.0,10972.0,11720.0,0,0,0,12015.8026467,11930.0,10375.2560414
b10,9887.0,11542.0,12902.0,0,0,0,12482.5843015,11880.0,9301.3431567
b11,9577.0,12162.0,14032.0,0,0,0,12913.716443,11850.0,8373.86744966
b12,9322.0,12722.0,15025.0,0,0,0,13307.1124031,11830.0,7614.8255814
b13,9087.0,7207.0,7212.0,0,0,0,19217.069371,20630.0,20793.7301587
b14,8267.0,7532.0,7137.0,0,0,0,19972.9593693,19710.0,20080.5336568
b15,8117.0,7175.0,7895.0,0,0,0,20622.7197117,21530.0,17536.7729415
b16,8897.0,7797.0,7960.0,0,0,0,16861.7990654,17390.0,16536.7523364
b17,8107.0,7617.0,7830.0,0,0,0,18892.7752028,18730.0,16635.6257242
b18,8577.0,6855.0,7532.0,0,0,0,18277.5034868,19850.0,17242.0920502
b19,8427.0,6925.0,6382.0,0,0,0,17538.2760736,17940.0,19552.398773
b20,24112.0,29862.0,34940.0,0,0,0,1053.00981267,827.4,579.893487957
b21,16440.0,27810.0,33085.0,0,0,0,2565.17791411,1644.0,593.626643295
b22,10047.0,14382.0,17975.0,0,0,0,8353.68619934,7262.0,4269.30832421
c1,24200.0,29025.0,33565.0,0,0,0,1768.28067701,1735.0,1390.93653032
c2,23825.0,29812.0,35260.0,0,0,0,1520.63736829,1376.0,639.728604472
c3,23697.0,30302.0,36465.0,0,0,0,1719.22832443,1511.0,611.622679888
c4,23292.0,30175.0,36423.0,0,0,0,1782.17157712,1551.0,506.887843526
c5,12892.0,16350.0,21482.0,0,0,0,6812.41986337,6531.0,3816.32790331
c6,12210.0,18960.0,28770.0,0,0,0,7333.96819961,6614.0,2231.09246575
c7,11657.0,20750.0,32980.0,0,0,0,7802.91824197,6565.0,1144.84168242
c8,11442.0,21450.0,33865.0,0,0,0,8135.79843861,6639.0,931.3761533
c9,9792.0,9997.0,11145.0,0,0,0,13562.9642058,13670.0,10994.1051454
c10,9515.0,10722.0,13052.0,0,0,0,13809.5832213,13630.0,9210.0537779
c11,9312.0,11437.0,15247.0,0,0,0,14117.4164291,13630.0,7572.61466701
c12,9185.0,12182.0,17335.0,0,0,0,14248.7484165,13490.0,6439.10818343
c13,9930.0,7320.0,7265.0,0,0,0,16961.1124331,18770.0,20098.7507436
c14,8450.0,8160.0,7297.0,0,0,0,18146.2688442,17160.0,18588.2035176
c15,8267.0,7645.0,9345.0,0,0,0,19267.009544,20210.0,14101.9936373
c16,9867.0,9035.0,9332.0,0,0,0,13117.1403662,13530.0,12672.8247602
c17,8332.0,8772.0,9195.0,0,0,0,16403.1257176,15670.0,12903.9121699
c18,9440.0,7515.0,8865.0,0,0,0,15119.7481918,17140.0,13655.0656309
c19,9430.0,7645.0,6615.0,0,0,0,14366.1102159,14530.0,17929.5423783
c20,25340.0,30282.0,35600.0,0,0,0,698.445505618,609.9,495.025280899
c21,11112.0,19920.0,27150.0,0,0,0,6467.26647261,5060.0,1862.51918497
c22,9600.0,12017.0,14522.0,0,0,0,9716.66776226,8963.0,5869.77074774
d1,24892.0,29162.0,33865.0,0,0,0,1614.60463193,1667.0,1314.48028674
d2,25072.0,29552.0,35440.0,0,0,0,1582.53046409,1660.0,1061.33264195
d3,25445.0,30085.0,36580.0,0,0,0,1588.4334817,1675.0,878.505192878
d4,25222.0,29745.0,36880.0,0,0,0,1771.58262351,1867.0,905.101971283
d5,12785.0,14092.0,18935.0,0,0,0,7852.75951333,8170.0,5126.60626456
d6,12892.0,16010.0,26532.0,0,0,0,7731.9558308,8131.0,3139.14746436
d7,13255.0,17422.0,32768.0,0,0,0,7581.05595161,8071.0,1783.67530784
d8,13532.0,17947.0,35078.0,0,0,0,7487.87515502,8020.0,1069.22281935
d9,9430.0,9040.0,10122.0,0,0,0,15022.4101714,15560.0,12424.7761194
d10,9397.0,9487.0,12072.0,0,0,0,14954.9332635,15600.0,10272.0753729
d11,9375.0,10132.0,14202.0,0,0,0,14723.6377246,15420.0,8329.41616766
d12,9620.0,12150.0,23302.0,0,0,0,14469.8237394,15350.0,4428.27978581
d13,11027.0,7467.0,7277.0,0,0,0,14810.1086957,16920.0,19356.8478261
d14,8620.0,8977.0,7415.0,0,0,0,16347.5246225,14680.0,17166.8286277
d15,8267.0,8107.0,10750.0,0,0,0,18300.8244275,19210.0,11369.5826972
d16,11230.0,10665.0,11092.0,0,0,0,10065.2053597,10330.0,9695.09466939
d17,8577.0,10157.0,10975.0,0,0,0,14196.241074,12970.0,9880.31705227
d18,10547.0,8172.0,10387.0,0,0,0,12563.722966,14900.0,10898.7899073
d19,10655.0,8545.0,6830.0,0,0,0,11627.0943396,11540.0,16421.2418525
d20,14287.0,24327.0,31232.0,0,0,0,3926.20380148,3076.0,1118.17634636
d21,12530.0,14842.0,18657.0,0,0,0,6130.00053952,5944.0,3960.52872943
d22,9270.0,10782.0,13307.0,0,0,0,10538.8707519,10140.0,6455.19400589
e1,25445.0,29222.0,33960.0,0,0,0,1407.42179072,1544.0,1212.54800431
e2,25990.0,29450.0,35718.0,0,0,0,1315.63069307,1546.0,965.101980198
e3,26552.0,29877.0,37253.0,0,0,0,1261.59275598,1565.0,807.0269329
e4,26627.0,29530.0,37328.0,0,0,0,1370.7276068,1714.0,851.882406982
e5,19500.0,19877.0,26117.0,0,0,0,3912.51686559,4333.0,2997.34769071
e6,21055.0,21230.0,32190.0,0,0,0,3622.82933579,4349.0,2058.15221402
e7,22782.0,21765.0,35665.0,0,0,0,3175.94313968,4188.0,1263.99258344
e8,24060.0,21865.0,37648.0,0,0,0,3068.46971473,4292.0,1025.61860102
e9,11485.0,10932.0,12732.0,0,0,0,10563.4212696,11230.0,9066.70513877
e10,11730.0,11175.0,14405.0,0,0,0,10263.8896121,11280.0,7823.46263994
e11,12125.0,11612.0,16505.0,0,0,0,9676.59921027,10980.0,6441.13030602
e12,13692.0,13057.0,24060.0,0,0,0,8704.93621622,10890.0,3951.00972973
e13,12615.0,7750.0,7382.0,0,0,0,12802.1338655,15190.0,18645.8765735
e14,8865.0,10072.0,7715.0,0,0,0,14639.8727648,12430.0,15674.281293
e15,8352.0,8790.0,12977.0,0,0,0,17193.9618955,18040.0,8830.52271617
e16,12977.0,12592.0,13447.0,0,0,0,7529.6489083,7684.0,7156.07452693
e17,8875.0,11905.0,13095.0,0,0,0,12289.0324417,10660.0,7386.76721685
e18,12020.0,9012.0,12510.0,0,0,0,10194.8959366,12680.0,8542.34886026
e19,12402.0,9610.0,7052.0,0,0,0,9129.93922652,8837.0,14581.8637201
e20,11080.0,23010.0,32085.0,0,0,0,6434.84630839,4647.0,588.168759417
e21,13147.0,21710.0,31105.0,0,0,0,4750.84660622,4005.0,1057.9245283
e22,10112.0,15322.0,22515.0,0,0,0,8016.6317388,7048.0,2773.89015439
f1,26895.0,31390.0,36018.0,0,0,0,672.98500283,774.7,744.448556876
f2,27300.0,31380.0,36220.0,0,0,0,495.72192846,663.6,560.740279938
f3,27555.0,31620.0,37295.0,0,0,0,526.972400898,771.7,625.286711543
f4,27630.0,31412.0,37295.0,0,0,0,451.931165185,711.7,501.553673374
f5,24540.0,24240.0,28982.0,0,0,0,2040.2863673,2425.0,2055.28367841
f6,25840.0,24577.0,31540.0,0,0,0,1719.0386414,2426.0,1825.91877923
f7,26777.0,24780.0,34035.0,0,0,0,1311.0,2262.0,1427.0
f8,27247.0,24945.0,35973.0,0,0,0,1053.41581171,2262.0,1234.97646349
f9,11847.0,10580.0,11592.0,0,0,0,10025.6144307,10740.0,9504.96054115
f10,12520.0,10532.0,12030.0,0,0,0,9726.42303433,10870.0,9497.7076412
f11,13320.0,10462.0,12327.0,0,0,0,9151.00725222,10680.0,8855.53585818
f12,16047.0,10522.0,14097.0,0,0,0,7953.52323838,10610.0,7948.22088956
f13,14780.0,8032.0,7447.0,0,0,0,10665.917791,13160.0,17466.8340132
f14,9110.0,11197.0,7990.0,0,0,0,12931.5443038,10340.0,14124.477396
f15,8502.0,9535.0,15407.0,0,0,0,16328.1560953,17010.0,6770.30888941
f16,15482.0,15140.0,16685.0,0,0,0,5341.98951965,5471.0,5114.23027656
f17,9280.0,14027.0,15845.0,0,0,0,10450.3650298,8564.0,5294.46267386
f18,14160.0,10162.0,15257.0,0,0,0,8025.29273454,10590.0,6284.7778039
f19,14885.0,11052.0,7467.0,0,0,0,6978.71864952,6562.0,12833.8794212
f20,11602.0,14517.0,19330.0,0,0,0,6903.98126464,6633.0,3722.97189696
f21,9910.0,13812.0,20297.0,0,0,0,8878.60150376,8172.0,3430.60150376
f22,9290.0,11715.0,16195.0,0,0,0,10106.409874,9556.0,4909.45950116
g1,26522.0,29952.0,33705.0,0,0,0,817.542575713,961.1,1047.29097324
g2,26777.0,29675.0,33395.0,0,0,0,616.631853786,858.8,1016.00997969
g3,27215.0,29567.0,33640.0,0,0,0,531.98072842,863.2,1080.29962719
g4,27277.0,29490.0,33278.0,0,0,0,587.516193752,945.5,1176.92934938
g5,23027.0,20532.0,23057.0,0,0,0,2636.33266533,3110.0,3157.18866304
g6,24732.0,20112.0,22855.0,0,0,0,2327.80919932,3134.0,3436.54400909
g7,25797.0,19675.0,22707.0,0,0,0,1898.39362594,3006.0,3499.29661728
g8,26137.0,19652.0,22675.0,0,0,0,1740.27589158,3101.0,4006.0850214
g9,11987.0,10392.0,10995.0,0,0,0,10101.3341001,10840.0,10226.0034503
g10,12977.0,10195.0,10815.0,0,0,0,9498.54285714,10700.0,10372.8857143
g11,14022.0,10067.0,10720.0,0,0,0,8899.92598918,10520.0,10525.989183
g12,17335.0,9390.0,10142.0,0,0,0,7914.0,10620.0,11466.0
g13,17017.0,8310.0,7457.0,0,0,0,9107.18971061,11570.0,16525.3826367
g14,9407.0,12605.0,8225.0,0,0,0,11366.1390374,8468.0,12511.1627196
g15,8555.0,10442.0,18592.0,0,0,0,15004.0164309,15580.0,4970.52487449
g16,18295.0,18540.0,20405.0,0,0,0,3729.77677269,3785.0,3529.86868982
g17,9695.0,16495.0,19330.0,0,0,0,8909.14237192,6880.0,3684.39286725
g18,16377.0,11377.0,18817.0,0,0,0,6309.60683761,8816.0,4703.45299145
g19,17635.0,12855.0,7937.0,0,0,0,5352.95073892,4787.0,11297.5772503
g20,9962.0,12317.0,17315.0,0,0,0,9417.85973306,9173.0,4509.11508436
g21,10080.0,13567.0,22270.0,0,0,0,8966.88846611,8666.0,2975.91058264
g22,9100.0,14330.0,30592.0,0,0,0,11447.3333333,10850.0,1036.0
h1,26382.0,29740.0,32085.0,0,0,0,791.887424387,875.2,1119.28634193
h2,26735.0,29030.0,30380.0,0,0,0,684.165517241,831.6,1380.7862069
h3,26905.0,28667.0,28835.0,0,0,0,686.247926267,882.9,1821.40506912
h4,26970.0,28007.0,27417.0,0,0,0,687.428740624,921.3,2028.46036321
h5,22632.0,20192.0,20372.0,0,0,0,2694.13649112,2973.0,3597.43191025
h6,24422.0,19087.0,17677.0,0,0,0,2490.53438443,3007.0,4589.68466957
h7,25487.0,18210.0,15525.0,0,0,0,2220.23469014,2932.0,5599.50715072
h8,26075.0,17475.0,13797.0,0,0,0,1984.7144623,2857.0,6930.02018953
h9,11975.0,10335.0,10315.0,0,0,0,9865.49112426,10440.0,10582.0828402
h10,12755.0,10067.0,9760.0,0,0,0,9669.96366939,10510.0,11639.5943082
h11,13872.0,9742.0,9057.0,0,0,0,9394.89282386,10530.0,12787.1295433
h12,16857.0,8895.0,7542.0,0,0,0,8565.11318242,10400.0,15655.3928096
h13,19415.0,8682.0,7640.0,0,0,0,7723.47364932,10140.0,15746.0722572
h14,9792.0,14320.0,8682.0,0,0,0,9862.24714519,6835.0,11177.95677
h15,8725.0,11437.0,22335.0,0,0,0,14611.0113107,14990.0,3643.61055666
h16,21385.0,22727.0,25062.0,0,0,0,2585.01320035,2558.0,2360.6535641
h17,10217.0,19467.0,23420.0,0,0,0,7651.25899688,5541.0,2509.07282516
h18,18977.0,13052.0,22897.0,0,0,0,4906.92124308,7316.0,3349.66283525
h19,20542.0,15167.0,8555.0,0,0,0,3888.58719417,3272.0,9872.20822488
h20,9665.0,11347.0,17390.0,0,0,0,10388.5204082,10550.0,4693.16083576
h21,11080.0,11172.0,13405.0,0,0,0,8133.96471856,8373.0,6043.53353084
h22,10410.0,11710.0,20457.0,0,0,0,8975.0715588,9753.0,3498.45533273
i1,25200.0,27480.0,27215.0,0,0,0,1200.01674224,1188.0,1755.6874782
i2,25542.0,26157.0,23090.0,0,0,0,1194.37779619,1164.0,2463.49461475
i3,26000.0,25077.0,18987.0,0,0,0,1234.09598433,1182.0,3372.3467189
i4,26382.0,23335.0,14330.0,0,0,0,1250.64900662,1160.0,5271.47019868
i5,18912.0,17725.0,17155.0,0,0,0,3791.2764613,3830.0,4479.82938389
i6,19882.0,17217.0,14705.0,0,0,0,3791.32240056,3790.0,5642.68318214
i7,20810.0,16760.0,12935.0,0,0,0,3841.08212376,3799.0,6870.99503438
i8,23165.0,14890.0,9227.0,0,0,0,3871.40683678,3768.0,10502.1434762
i9,11380.0,10462.0,10227.0,0,0,0,10083.2535885,10280.0,10378.3732057
i10,11517.0,10307.0,9642.0,0,0,0,10217.4876847,10400.0,11402.2167488
i11,11817.0,10260.0,9087.0,0,0,0,10238.0012731,10360.0,12374.6276257
i12,12147.0,9677.0,7820.0,0,0,0,10296.6382253,10450.0,14918.890785
i13,21365.0,9115.0,7597.0,0,0,0,6446.19438741,8810.0,14894.3874059
i14,10165.0,16195.0,9152.0,0,0,0,8554.57972914,5459.0,9835.26256007
i15,8875.0,12450.0,25797.0,0,0,0,14175.6521739,14300.0,2611.30434783
i16,23910.0,26665.0,29697.0,0,0,0,1674.24918615,1636.0,1531.41994673
i17,10805.0,22622.0,27075.0,0,0,0,6517.44441277,4401.0,1627.16562144
i18,21332.0,14832.0,27417.0,0,0,0,3748.97014925,5994.0,2346.58208955
i19,22897.0,17950.0,9375.0,0,0,0,2835.27863777,2165.0,8405.29411765
i20,9962.0,10575.0,17187.0,0,0,0,10471.6631677,11420.0,4747.01189643
i21,20310.0,19025.0,31882.0,0,0,0,2953.33554404,3843.0,1168.43129534
i22,13020.0,10250.0,15557.0,0,0,0,7277.27827311,9160.0,5054.97888315
j1,26670.0,30767.0,32447.0,0,0,0,665.477799154,585.9,1002.95078876
j2,26320.0,29707.0,28632.0,0,0,0,703.3555666,538.9,1436.17385686
j3,26510.0,28732.0,23805.0,0,0,0,792.354236157,535.5,2244.52735157
j4,26735.0,25935.0,14182.0,0,0,0,1023.56897404,523.1,4919.33844252
j5,20150.0,20740.0,19980.0,0,0,0,3081.3041924,2929.0,3508.7078323
j6,19735.0,20165.0,16792.0,0,0,0,3307.85326087,2969.0,4480.39311594
j7,19947.0,19807.0,14375.0,0,0,0,3511.21551724,2973.0,5720.2179803
j8,20085.0,18390.0,10047.0,0,0,0,3971.62730228,2914.0,8899.85482124
j9,11197.0,10500.0,10227.0,0,0,0,10203.7871957,10250.0,10354.7490231
j10,11102.0,10505.0,9685.0,0,0,0,10489.4423792,10320.0,11160.8178439
j11,11007.0,10457.0,9045.0,0,0,0,10782.5856496,10380.0,12386.2184874
j12,10835.0,10110.0,7960.0,0,0,0,11028.0413793,10360.0,14336.0965517
j13,22887.0,9690.0,7915.0,0,0,0,5424.96004281,7539.0,13932.2226186
j14,10645.0,18245.0,9652.0,0,0,0,7437.9732842,4388.0,8385.91064026
j15,9025.0,13510.0,29387.0,0,0,0,13567.9336188,13410.0,1737.26980728
j16,25830.0,29510.0,33705.0,0,0,0,1046.01139601,1049.0,893.592592593
j17,11380.0,25312.0,30230.0,0,0,0,5570.80103508,3481.0,956.824611846
j18,23335.0,16925.0,32095.0,0,0,0,2783.24064885,4777.0,1556.17156489
j19,24400.0,20735.0,10112.0,0,0,0,2052.05488722,1409.0,7132.93007519
j20,13180.0,9672.0,13245.0,0,0,0,7666.55842558,9595.0,6342.37761378
j21,25050.0,23312.0,35123.0,0,0,0,1175.18186844,2056.0,557.283213562
j22,25797.0,28977.0,35025.0,0,0,0,584.662619808,743.9,499.650700418
k1,23880.0,28067.0,27950.0,0,0,0,1382.61308477,1147.0,1504.85754485
k2,22120.0,27310.0,23880.0,0,0,0,1637.79069767,1125.0,1994.08033827
k3,20352.0,26755.0,20575.0,0,0,0,1918.76242545,1119.0,2523.86779324
k4,19467.0,26467.0,19085.0,0,0,0,2091.62046562,1113.0,2821.36762317
k5,16932.0,18645.0,17560.0,0,0,0,3982.28040103,3593.0,4045.03007762
k6,15237.0,18842.0,15172.0,0,0,0,4464.25125628,3604.0,4867.85786073
k7,14065.0,18950.0,13330.0,0,0,0,5003.88067497,3609.0,5886.91844114
k8,11922.0,19232.0,10250.0,0,0,0,6179.76366322,3638.0,8094.5947809
k9,10815.0,10675.0,10227.0,0,0,0,10343.5843373,10130.0,10038.4638554
k10,10367.0,10815.0,9717.0,0,0,0,10746.7896218,10070.0,10661.7974367
k11,10132.0,10930.0,9152.0,0,0,0,11246.9702906,10070.0,11559.294809
k12,9515.0,11052.0,8117.0,0,0,0,12152.0084567,10040.0,13185.017618
k13,23782.0,10392.0,8162.0,0,0,0,4323.49179717,6251.0,12732.7416107
k14,11122.0,20372.0,10517.0,0,0,0,6188.19629444,3306.0,7060.63595393
k15,9205.0,14357.0,31647.0,0,0,0,12038.0493984,11760.0,1027.78974034
k16,26640.0,31060.0,35803.0,0,0,0,553.116029197,540.8,485.062072993
k17,12030.0,27080.0,32085.0,0,0,0,4605.13211382,2695.0,525.071138211
k18,24795.0,19195.0,34718.0,0,0,0,1876.08774995,3422.0,1345.28246942
k19,25275.0,23170.0,11455.0,0,0,0,1362.90798479,806.4,5496.09125475
k20,25840.0,28945.0,34355.0,0,0,0,705.950167396,870.5,665.373165079
k21,25892.0,29457.0,34205.0,0,0,0,442.506547286,544.6,536.676329043
k22,25360.0,28252.0,31967.0,0,0,0,558.993062438,639.0,913.007928642
l1,25157.0,30192.0,32853.0,0,0,0,972.23984324,788.4,814.147877204
l2,23677.0,30070.0,32000.0,0,0,0,1160.71454027,785.0,851.862081254
l3,22175.0,30037.0,31167.0,0,0,0,1384.59657143,822.3,925.674857143
l4,21502.0,29910.0,30795.0,0,0,0,1480.23332048,867.4,997.5267258
l5,17645.0,21907.0,21747.0,0,0,0,3313.04526749,2821.0,2795.99588477
l6,15152.0,23207.0,20905.0,0,0,0,3847.51868358,2803.0,2958.66883785
l7,13297.0,23905.0,19807.0,0,0,0,4494.81753995,2809.0,3134.68115942
l8,12007.0,24417.0,18530.0,0,0,0,5132.91539081,2808.0,3372.54149879
l9,10645.0,10882.0,10772.0,0,0,0,10152.6820604,9810.0,9078.1705151
l10,10132.0,11192.0,10570.0,0,0,0,10769.269103,9974.0,9380.56055572
l11,9835.0,11575.0,10622.0,0,0,0,11228.6625464,9936.0,9539.91100124
l12,9397.0,11687.0,10260.0,0,0,0,11811.1498258,9970.0,9799.46468166
l13,24357.0,11672.0,8885.0,0,0,0,3479.37159763,5043.0,11371.1195266
l14,11817.0,22072.0,11635.0,0,0,0,5351.48912494,2731.0,5731.37025797
l15,9472.0,15187.0,32637.0,0,0,0,11794.306383,11080.0,700.161702128
l16,27107.0,31710.0,36645.0,0,0,0,451.561772686,354.6,262.876514923
l17,12657.0,27927.0,32980.0,0,0,0,3767.98389502,2046.0,288.014315538
l18,25572.0,22072.0,36368.0,0,0,0,1266.53157625,2566.0,559.048091734
l19,25412.0,24842.0,13405.0,0,0,0,980.915736041,469.6,4508.8751269
l20,26222.0,30512.0,35558.0,0,0,0,295.660512,299.3,362.799488
l21,26052.0,30267.0,35228.0,0,0,0,350.624742268,329.6,381.630927835
l22,24987.0,29247.0,33865.0,0,0,0,643.563606771,523.3,536.586914062
gs0,8117.0,6675.0,6487.0,0,0,0,19000.3149379,19730.0,18276.3305403
gs1,8587.0,7292.0,7107.0,0,0,0,17431.4289863,17910.0,16677.159454
gs2,9025.0,7750.0,7725.0,0,0,0,15705.9123876,16180.0,15053.4551784
gs3,9462.0,8357.0,8352.0,0,0,0,13910.1508121,14300.0,13263.1670534
gs4,10090.0,9082.0,9217.0,0,0,0,12316.4300203,12650.0,11689.6117068
gs5,10942.0,10015.0,10315.0,0,0,0,10713.9774371,11020.0,10143.3728666
gs6,11730.0,11085.0,11635.0,0,0,0,9425.80415945,9686.0,8866.24321202
gs7,12840.0,12145.0,12840.0,0,0,0,8201.19010417,8433.0,7766.8515625
gs8,13915.0,13152.0,14150.0,0,0,0,7006.86948956,7214.0,6701.40429234
gs9,15045.0,14560.0,15770.0,0,0,0,5900.17875798,6044.0,5594.99709808
gs10,16420.0,16100.0,17335.0,0,0,0,5081.40249927,5207.0,4843.82650392
gs11,18017.0,18082.0,20042.0,0,0,0,4281.35017422,4365.0,4027.86585366
gs12,19490.0,19872.0,21482.0,0,0,0,3568.73527697,3642.0,3407.34052478
gs13,21002.0,21880.0,23720.0,0,0,0,2900.52122987,2948.0,2783.98243045
gs14,22175.0,23787.0,25990.0,0,0,0,2344.77440283,2365.0,2264.56944854
gs15,23462.0,25775.0,28087.0,0,0,0,1838.40774421,1863.0,1763.53798768
gs16,24272.0,27170.0,30177.0,0,0,0,1416.03281111,1427.0,1375.11676027
gs17,25137.0,28455.0,32340.0,0,0,0,1069.46497192,1080.0,1042.96778008
gs18,25542.0,29277.0,33258.0,0,0,0,796.423396675,803.1,784.977790974
gs19,25680.0,29580.0,33980.0,0,0,0,568.299286776,574.1,563.692838039
gs20,25967.0,30000.0,34875.0,0,0,0,407.277914294,407.4,406.179142943
gs21,25712.0,29642.0,34558.0,0,0,0,337.298526316,337.4,340.038315789
gs22,25435.0,29175.0,34098.0,0,0,0,294.150967577,276.557377,295.970994188
gs23,25105.0,28727.0,33618.0,0,0,0,234.075679172,234.0,288.716041397
