patch,r,g,b,refR,refG,refB,refX,refY,refZ
a1,26287.0,33740.0,35973.0,0,0,0,1540.89555006,1394.0,1372.89184178
a2,22632.0,36133.0,37433.0,0,0,0,1756.6170755,1383.0,1266.24466391
a3,20650.0,38423.0,39650.0,0,0,0,1921.44012945,1375.0,1153.39805825
a4,20022.0,38170.0,39043.0,0,0,0,2056.4045677,1440.0,1201.80097879
a5,15907.0,19670.0,19585.0,0,0,0,4144.71662125,3701.0,3359.24856191
a6,14172.0,21817.0,20875.0,0,0,0,4771.84104938,3739.0,3029.28240741
a7,13020.0,24545.0,22322.0,0,0,0,5314.16666667,3682.0,2670.5
a8,12105.0,28555.0,23890.0,0,0,0,5988.85311475,3643.0,2312.40918033
a9,10400.0,9050.0,9057.0,0,0,0,12155.5568581,11980.0,10975.8147714
a10,9910.0,9365.0,9205.0,0,0,0,12713.7809187,12000.0,10621.9081272
a11,9515.0,9795.0,9557.0,0,0,0,13202.6743499,11930.0,10121.462766
a12,9172.0,10115.0,9822.0,0,0,0,13693.3769322,11940.0,9860.08323424
a13,8470.0,6097.0,5977.0,0,0,0,21174.6122449,22170.0,21290.9562682
a14,8300.0,6285.0,6062.0,0,0,0,21130.7833284,21480.0,20883.1569613
a15,8117.0,5960.0,5912.0,0,0,0,21783.4484761,22590.0,21199.8461538
a16,8130.0,5982.0,5807.0,0,0,0,21326.0961313,21970.0,21094.2907386
a17,8045.0,5917.0,5827.0,0,0,0,21655.848564,22410.0,20947.2062663
a18,7905.0,5747.0,5625.0,0,0,0,21686.7024673,22510.0,21144.371553
a19,8182.0,5862.0,5572.0,0,0,0,20181.7634855,20830.0,20725.0474215
a20,35035.0,42623.0,48015.0,0,0,0,677.534555308,603.3,642.340452662
a21,20022.0,37530.0,44563.0,0,0,0,1736.39698492,1221.0,651.825598581
a22,15375.0,34893.0,42485.0,0,0,0,3086.12137203,1944.0,669.08707124
b1,27310.0,34795.0,39438.0,0,0,0,1469.44946809,1371.0,1210.96897163
b2,24252.0,37678.0,43635.0,0,0,0,1616.66187262,1361.0,1017.054887
b3,22302.0,40235.0,47238.0,0,0,0,1779.34856974,1371.0,892.706576231
b4,21482.0,40278.0,47898.0,0,0,0,1889.49837806,1421.0,880.005897965
b5,15717.0,21022.0,24060.0,0,0,0,4135.86095346,3702.0,2667.24687855
b6,14437.0,24210.0,29570.0,0,0,0,4610.41608294,3677.0,2015.18968899
b7,13565.0,28822.0,36613.0,0,0,0,5131.65018264,3623.0,1425.17561113
b8,12807.0,33580.0,42198.0,0,0,0,5745.68917749,3593.0,1030.71919192
b9,10462.0,9187.0,9407.0,0,0,0,12015.8026467,11930.0,10375.2560414
b10,9897.0,9595.0,10132.0,0,0,0,12482.5843015,11880.0,9301.3431567
b11,9482.0,10075.0,10985.0,0,0,0,12913.716443,11850.0,8373.86744966
b12,9162.0,10580.0,11922.0,0,0,0,13307.1124031,11830.0,7614.8255814
b13,9035.0,6142.0,6030.0,0,0,0,19217.069371,20630.0,20793.7301587
b14,8385.0,6595.0,6115.0,0,0,0,19972.9593693,19710.0,20080.5336568
b15,8225.0,6337.0,6807.0,0,0,0,20622.7197117,21530.0,17536.7729415
b16,9110.0,6840.0,6722.0,0,0,0,16861.7990654,17390.0,16536.7523364
b17,8267.0,6792.0,6765.0,0,0,0,18892.7752028,18730.0,16635.6257242
b18,8865.0,6237.0,6562.0,0,0,0,18277.5034868,19850.0,17242.0920502
b19,8822.0,6290.0,5625.0,0,0,0,17538.2760736,17940.0,19552.398773
b20,27512.0,40870.0,47450.0,0,0,0,1053.00981267,827.4,579.893487957
b21,16730.0,36688.0,44413.0,0,0,0,2565.17791411,1644.0,593.626643295
b22,10377.0,13125.0,15280.0,0,0,0,8353.68619934,7262.0,4269.30832421
c1,24945.0,29777.0,35538.0,0,0,0,1768.28067701,1735.0,1390.93653032
c2,23687.0,32382.0,42218.0,0,0,0,1520.63736829,1376.0,639.728604472
c3,23037.0,35008.0,48025.0,0,0,0,1719.22832443,1511.0,611.622679888
c4,22280.0,34560.0,48783.0,0,0,0,1782.17157712,1551.0,506.887843526
c5,12497.0,13840.0,17272.0,0,0,0,6812.41986337,6531.0,3816.32790331
c6,11912.0,16957.0,27160.0,0,0,0,7333.96819961,6614.0,2231.09246575
c7,11635.0,20607.0,39863.0,0,0,0,7802.91824197,6565.0,1144.84168242
c8,11667.0,22625.0,46225.0,0,0,0,8135.79843861,6639.0,931.3761533
c9,9812.0,8417.0,9057.0,0,0,0,13562.9642058,13670.0,10994.1051454
c10,9505.0,8895.0,10400.0,0,0,0,13809.5832213,13630.0,9210.0537779
c11,9120.0,9402.0,12105.0,0,0,0,14117.4164291,13630.0,7572.61466701
c12,8897.0,9910.0,13725.0,0,0,0,14248.7484165,13490.0,6439.10818343
c13,9995.0,6355.0,6052.0,0,0,0,16961.1124331,18770.0,20098.7507436
c14,8492.0,7032.0,6125.0,0,0,0,18146.2688442,17160.0,18588.2035176
c15,8267.0,6672.0,7830.0,0,0,0,19267.009544,20210.0,14101.9936373
c16,10057.0,7797.0,7725.0,0,0,0,13117.1403662,13530.0,12672.8247602
c17,8460.0,7655.0,7735.0,0,0,0,16403.1257176,15670.0,12903.9121699
c18,9727.0,6710.0,7627.0,0,0,0,15119.7481918,17140.0,13655.0656309
c19,9802.0,6882.0,5742.0,0,0,0,14366.1102159,14530.0,17929.5423783
c20,34130.0,42760.0,49465.0,0,0,0,698.445505618,609.9,495.025280899
c21,11347.0,19252.0,26340.0,0,0,0,6467.26647261,5060.0,1862.51918497
c22,9910.0,10600.0,12040.0,0,0,0,9716.66776226,8963.0,5869.77074774
d1,26937.0,29722.0,36698.0,0,0,0,1614.60463193,1667.0,1314.48028674
d2,27332.0,31747.0,43443.0,0,0,0,1582.53046409,1660.0,1061.33264195
d3,27982.0,33470.0,49795.0,0,0,0,1588.4334817,1675.0,878.505192878
d4,26810.0,32590.0,50478.0,0,0,0,1771.58262351,1867.0,905.101971283
d5,12392.0,11677.0,14885.0,0,0,0,7852.75951333,8170.0,5126.60626456
d6,12467.0,13782.0,23677.0,0,0,0,7731.9558308,8131.0,3139.14746436
d7,12872.0,16642.0,37093.0,0,0,0,7581.05595161,8071.0,1783.67530784
d8,13532.0,19142.0,48558.0,0,0,0,7487.87515502,8020.0,1069.22281935
d9,9440.0,7547.0,8235.0,0,0,0,15022.4101714,15560.0,12424.7761194
d10,9387.0,7937.0,9610.0,0,0,0,14954.9332635,15600.0,10272.0753729
d11,9270.0,8320.0,11295.0,0,0,0,14723.6377246,15420.0,8329.41616766
d12,9365.0,10142.0,19830.0,0,0,0,14469.8237394,15350.0,4428.27978581
d13,10965.0,6482.0,6062.0,0,0,0,14810.1086957,16920.0,19356.8478261
d14,8630.0,7685.0,6242.0,0,0,0,16347.5246225,14680.0,17166.8286277
d15,8215.0,6957.0,8875.0,0,0,0,18300.8244275,19210.0,11369.5826972
d16,11325.0,9130.0,9077.0,0,0,0,10065.2053597,10330.0,9695.09466939
d17,8610.0,8692.0,8865.0,0,0,0,14196.241074,12970.0,9880.31705227
d18,10815.0,7207.0,8630.0,0,0,0,12563.722966,14900.0,10898.7899073
d19,10942.0,7622.0,5935.0,0,0,0,11627.0943396,11540.0,16421.2418525
d20,14300.0,25067.0,34940.0,0,0,0,3926.20380148,3076.0,1118.17634636
d21,12530.0,13245.0,15482.0,0,0,0,6130.00053952,5944.0,3960.52872943
d22,9665.0,9472.0,11037.0,0,0,0,10538.8707519,10140.0,6455.19400589
e1,29442.0,29652.0,37220.0,0,0,0,1407.42179072,1544.0,1212.54800431
e2,31572.0,31392.0,44903.0,0,0,0,1315.63069307,1546.0,965.101980198
e3,33790.0,32642.0,51095.0,0,0,0,1261.59275598,1565.0,807.0269329
e4,33693.0,32212.0,51958.0,0,0,0,1370.7276068,1714.0,851.882406982
e5,17815.0,16750.0,21982.0,0,0,0,3912.51686559,4333.0,2997.34769071
e6,19532.0,18520.0,31915.0,0,0,0,3622.82933579,4349.0,2058.15221402
e7,21930.0,20472.0,43038.0,0,0,0,3175.94313968,4188.0,1263.99258344
e8,25137.0,22190.0,52128.0,0,0,0,3068.46971473,4292.0,1025.61860102
e9,11272.0,8987.0,10025.0,0,0,0,10563.4212696,11230.0,9066.70513877
e10,11560.0,9275.0,11432.0,0,0,0,10263.8896121,11280.0,7823.46263994
e11,11880.0,9635.0,13117.0,0,0,0,9676.59921027,10980.0,6441.13030602
e12,12967.0,10802.0,19957.0,0,0,0,8704.93621622,10890.0,3951.00972973
e13,12125.0,6625.0,6062.0,0,0,0,12802.1338655,15190.0,18645.8765735
e14,8780.0,8400.0,6297.0,0,0,0,14639.8727648,12430.0,15674.281293
e15,8225.0,7330.0,10345.0,0,0,0,17193.9618955,18040.0,8830.52271617
e16,12700.0,10735.0,10825.0,0,0,0,7529.6489083,7684.0,7156.07452693
e17,8885.0,10190.0,10495.0,0,0,0,12289.0324417,10660.0,7386.76721685
e18,11932.0,7750.0,10122.0,0,0,0,10194.8959366,12680.0,8542.34886026
e19,12307.0,8550.0,6115.0,0,0,0,9129.93922652,8837.0,14581.8637201
e20,11667.0,25385.0,43668.0,0,0,0,6434.84630839,4647.0,588.168759417
e21,13435.0,22135.0,36518.0,0,0,0,4750.84660622,4005.0,1057.9245283
e22,10410.0,14027.0,20330.0,0,0,0,8016.6317388,7048.0,2773.89015439
f1,38105.0,39260.0,45340.0,0,0,0,672.98500283,774.7,744.448556876
f2,39970.0,39608.0,48325.0,0,0,0,495.72192846,663.6,560.740279938
f3,41068.0,39825.0,51180.0,0,0,0,526.972400898,771.7,625.286711543
f4,41493.0,39405.0,52225.0,0,0,0,451.931165185,711.7,501.553673374
f5,26467.0,21112.0,25712.0,0,0,0,2040.2863673,2425.0,2055.28367841
f6,32160.0,21287.0,30102.0,0,0,0,1719.0386414,2426.0,1825.91877923
f7,36720.0,22040.0,35100.0,0,0,0,1311.0,2262.0,1427.0
f8,39235.0,23227.0,42133.0,0,0,0,1053.41581171,2262.0,1234.97646349
f9,11602.0,8817.0,9195.0,0,0,0,10025.6144307,10740.0,9504.96054115
f10,12190.0,8780.0,9440.0,0,0,0,9726.42303433,10870.0,9497.7076412
f11,12755.0,8762.0,9877.0,0,0,0,9151.00725222,10680.0,8855.53585818
f12,14640.0,8602.0,10922.0,0,0,0,7953.52323838,10610.0,7948.22088956
f13,13725.0,6822.0,6095.0,0,0,0,10665.917791,13160.0,17466.8340132
f14,9077.0,9510.0,6542.0,0,0,0,12931.5443038,10340.0,14124.477396
f15,8277.0,7877.0,12295.0,0,0,0,16328.1560953,17010.0,6770.30888941
f16,14490.0,12850.0,12967.0,0,0,0,5341.98951965,5471.0,5114.23027656
f17,9237.0,12172.0,12775.0,0,0,0,10450.3650298,8564.0,5294.46267386
f18,13532.0,8550.0,12307.0,0,0,0,8025.29273454,10590.0,6284.7778039
f19,14182.0,9652.0,6265.0,0,0,0,6978.71864952,6562.0,12833.8794212
f20,11752.0,12882.0,16302.0,0,0,0,6903.98126464,6633.0,3722.97189696
f21,10100.0,12142.0,17347.0,0,0,0,8878.60150376,8172.0,3430.60150376
f22,9492.0,10042.0,13000.0,0,0,0,10106.409874,9556.0,4909.45950116
g1,35963.0,32665.0,35238.0,0,0,0,817.542575713,961.1,1047.29097324
g2,38745.0,32162.0,35410.0,0,0,0,616.631853786,858.8,1016.00997969
g3,40003.0,31450.0,35580.0,0,0,0,531.98072842,863.2,1080.29962719
g4,40428.0,30857.0,35100.0,0,0,0,587.516193752,945.5,1176.92934938
g5,23560.0,17112.0,18487.0,0,0,0,2636.33266533,3110.0,3157.18866304
g6,29462.0,16450.0,17965.0,0,0,0,2327.80919932,3134.0,3436.54400909
g7,35133.0,16040.0,18145.0,0,0,0,1898.39362594,3006.0,3499.29661728
g8,37968.0,15800.0,18040.0,0,0,0,1740.27589158,3101.0,4006.0850214
g9,11805.0,8767.0,8917.0,0,0,0,10101.3341001,10840.0,10226.0034503
g10,12497.0,8522.0,8725.0,0,0,0,9498.54285714,10700.0,10372.8857143
g11,13320.0,8507.0,8715.0,0,0,0,8899.92598918,10520.0,10525.989183
g12,16100.0,7890.0,8235.0,0,0,0,7914.0,10620.0,11466.0
g13,15737.0,7062.0,6190.0,0,0,0,9107.18971061,11570.0,16525.3826367
g14,9365.0,10962.0,6862.0,0,0,0,11366.1390374,8468.0,12511.1627196
g15,8332.0,8607.0,15130.0,0,0,0,15004.0164309,15580.0,4970.52487449
g16,16802.0,15760.0,16067.0,0,0,0,3729.77677269,3785.0,3529.86868982
g17,9632.0,14815.0,15717.0,0,0,0,8909.14237192,6880.0,3684.39286725
g18,15385.0,9567.0,14980.0,0,0,0,6309.60683761,8816.0,4703.45299145
g19,16665.0,11202.0,6572.0,0,0,0,5352.95073892,4787.0,11297.5772503
g20,10132.0,10537.0,14287.0,0,0,0,9417.85973306,9173.0,4509.11508436
g21,10197.0,11975.0,19617.0,0,0,0,8966.88846611,8666.0,2975.91058264
g22,9387.0,15275.0,39970.0,0,0,0,11447.3333333,10850.0,1036.0
h1,35153.0,31790.0,31625.0,0,0,0,791.887424387,875.2,1119.28634193
h2,37903.0,30447.0,27780.0,0,0,0,684.165517241,831.6,1380.7862069
h3,39863.0,29537.0,24912.0,0,0,0,686.247926267,882.9,1821.40506912
h4,40003.0,27825.0,23047.0,0,0,0,687.428740624,921.3,2028.46036321
h5,22695.0,16882.0,15920.0,0,0,0,2694.13649112,2973.0,3597.43191025
h6,28387.0,15667.0,13595.0,0,0,0,2490.53438443,3007.0,4589.68466957
h7,34323.0,14820.0,11912.0,0,0,0,2220.23469014,2932.0,5599.50715072
h8,37710.0,14202.0,10495.0,0,0,0,1984.7144623,2857.0,6930.02018953
h9,11817.0,8742.0,8407.0,0,0,0,9865.49112426,10440.0,10582.0828402
h10,12337.0,8495.0,7927.0,0,0,0,9669.96366939,10510.0,11639.5943082
h11,13075.0,8192.0,7405.0,0,0,0,9394.89282386,10530.0,12787.1295433
h12,15600.0,7575.0,6340.0,0,0,0,8565.11318242,10400.0,15655.3928096
h13,18507.0,7315.0,6212.0,0,0,0,7723.47364932,10140.0,15746.0722572
h14,9770.0,12897.0,7117.0,0,0,0,9862.24714519,6835.0,11177.95677
h15,8395.0,9577.0,18997.0,0,0,0,14611.0113107,14990.0,3643.61055666
h16,20287.0,19722.0,20427.0,0,0,0,2585.01320035,2558.0,2360.6535641
h17,10122.0,18177.0,19787.0,0,0,0,7651.25899688,5541.0,2509.07282516
h18,18177.0,10920.0,19265.0,0,0,0,4906.92124308,7316.0,3349.66283525
h19,20587.0,13222.0,6830.0,0,0,0,3888.58719417,3272.0,9872.20822488
h20,9760.0,9600.0,14107.0,0,0,0,10388.5204082,10550.0,4693.16083576
h21,11135.0,9507.0,10547.0,0,0,0,8133.96471856,8373.0,6043.53353084
h22,10612.0,10127.0,17292.0,0,0,0,8975.0715588,9753.0,3498.45533273
i1,29505.0,26340.0,22825.0,0,0,0,1200.01674224,1188.0,1755.6874782
i2,32072.0,24492.0,17592.0,0,0,0,1194.37779619,1164.0,2463.49461475
i3,34963.0,23202.0,14300.0,0,0,0,1234.09598433,1182.0,3372.3467189
i4,38980.0,21207.0,10890.0,0,0,0,1250.64900662,1160.0,5271.47019868
i5,17507.0,15135.0,13542.0,0,0,0,3791.2764613,3830.0,4479.82938389
i6,18530.0,14507.0,11357.0,0,0,0,3791.32240056,3790.0,5642.68318214
i7,19690.0,14107.0,10047.0,0,0,0,3841.08212376,3799.0,6870.99503438
i8,25552.0,12695.0,7467.0,0,0,0,3871.40683678,3768.0,10502.1434762
i9,11357.0,8865.0,8375.0,0,0,0,10083.2535885,10280.0,10378.3732057
i10,11357.0,8645.0,7787.0,0,0,0,10217.4876847,10400.0,11402.2167488
i11,11572.0,8580.0,7395.0,0,0,0,10238.0012731,10360.0,12374.6276257
i12,11880.0,8140.0,6382.0,0,0,0,10296.6382253,10450.0,14918.890785
i13,22152.0,7575.0,6095.0,0,0,0,6446.19438741,8810.0,14894.3874059
i14,10207.0,15205.0,7457.0,0,0,0,8554.57972914,5459.0,9835.26256007
i15,8545.0,10857.0,24102.0,0,0,0,14175.6521739,14300.0,2611.30434783
i16,25275.0,25375.0,27002.0,0,0,0,1674.24918615,1636.0,1531.41994673
i17,10730.0,22422.0,24945.0,0,0,0,6517.44441277,4401.0,1627.16562144
i18,21897.0,12690.0,24827.0,0,0,0,3748.97014925,5994.0,2346.58208955
i19,25817.0,15945.0,7362.0,0,0,0,2835.27863777,2165.0,8405.29411765
i20,10015.0,8847.0,13820.0,0,0,0,10471.6631677,11420.0,4747.01189643
i21,19532.0,17677.0,35440.0,0,0,0,2953.33554404,3843.0,1168.43129534
i22,12647.0,8635.0,12540.0,0,0,0,7277.27827311,9160.0,5054.97888315
j1,35378.0,37125.0,32307.0,0,0,0,665.477799154,585.9,1002.95078876
j2,35090.0,35365.0,24795.0,0,0,0,703.3555666,538.9,1436.17385686
j3,36518.0,33453.0,18582.0,0,0,0,792.354236157,535.5,2244.52735157
j4,40290.0,28460.0,11230.0,0,0,0,1023.56897404,523.1,4919.33844252
j5,18647.0,17947.0,15727.0,0,0,0,3081.3041924,2929.0,3508.7078323
j6,18412.0,17512.0,13202.0,0,0,0,3307.85326087,2969.0,4480.39311594
j7,18317.0,17067.0,10952.0,0,0,0,3511.21551724,2973.0,5720.2179803
j8,18667.0,16260.0,8012.0,0,0,0,3971.62730228,2914.0,8899.85482124
j9,11177.0,8927.0,8277.0,0,0,0,10203.7871957,10250.0,10354.7490231
j10,10995.0,8810.0,7735.0,0,0,0,10489.4423792,10320.0,11160.8178439
j11,10910.0,8715.0,7277.0,0,0,0,10782.5856496,10380.0,12386.2184874
j12,10782.0,8507.0,6457.0,0,0,0,11028.0413793,10360.0,14336.0965517
j13,26787.0,7957.0,6200.0,0,0,0,5424.96004281,7539.0,13932.2226186
j14,10740.0,18050.0,8012.0,0,0,0,7437.9732842,4388.0,8385.91064026
j15,8800.0,12812.0,31827.0,0,0,0,13567.9336188,13410.0,1737.26980728
j16,31667.0,33448.0,36635.0,0,0,0,1046.01139601,1049.0,893.592592593
j17,11560.0,28105.0,33183.0,0,0,0,5570.80103508,3481.0,956.824611846
j18,26787.0,15385.0,33320.0,0,0,0,2783.24064885,4777.0,1556.17156489
j19,31595.0,19052.0,7927.0,0,0,0,2052.05488722,1409.0,7132.93007519
j20,12742.0,8107.0,10377.0,0,0,0,7666.55842558,9595.0,6342.37761378
j21,34183.0,23637.0,48570.0,0,0,0,1175.18186844,2056.0,557.283213562
j22,38170.0,37300.0,49453.0,0,0,0,584.662619808,743.9,499.650700418
k1,24347.0,28317.0,24327.0,0,0,0,1382.61308477,1147.0,1504.85754485
k2,21130.0,28647.0,18945.0,0,0,0,1637.79069767,1125.0,1994.08033827
k3,18945.0,29062.0,15845.0,0,0,0,1918.76242545,1119.0,2523.86779324
k4,18412.0,29985.0,14875.0,0,0,0,2091.62046562,1113.0,2821.36762317
k5,15630.0,16152.0,13777.0,0,0,0,3982.28040103,3593.0,4045.03007762
k6,14470.0,16722.0,11912.0,0,0,0,4464.25125628,3604.0,4867.85786073
k7,13542.0,17222.0,10302.0,0,0,0,5003.88067497,3609.0,5886.91844114
k8,11997.0,18657.0,8235.0,0,0,0,6179.76366322,3638.0,8094.5947809
k9,10762.0,8955.0,8257.0,0,0,0,10343.5843373,10130.0,10038.4638554
k10,10400.0,9050.0,7767.0,0,0,0,10746.7896218,10070.0,10661.7974367
k11,10047.0,9172.0,7320.0,0,0,0,11246.9702906,10070.0,11559.294809
k12,9387.0,9177.0,6487.0,0,0,0,12152.0084567,10040.0,13185.017618
k13,30827.0,8517.0,6350.0,0,0,0,4323.49179717,6251.0,12732.7416107
k14,11465.0,21470.0,8620.0,0,0,0,6188.19629444,3306.0,7060.63595393
k15,9152.0,14880.0,40088.0,0,0,0,12038.0493984,11760.0,1027.78974034
k16,37838.0,42208.0,46578.0,0,0,0,553.116029197,540.8,485.062072993
k17,12615.0,34300.0,40940.0,0,0,0,4605.13211382,2695.0,525.071138211
k18,32212.0,18790.0,43328.0,0,0,0,1876.08774995,3422.0,1345.28246942
k19,36155.0,23485.0,8885.0,0,0,0,1362.90798479,806.4,5496.09125475
k20,35613.0,33128.0,41760.0,0,0,0,705.950167396,870.5,665.373165079
k21,38243.0,38333.0,44573.0,0,0,0,442.506547286,544.6,536.676329043
k22,37018.0,33985.0,34035.0,0,0,0,558.993062438,639.0,913.007928642
l1,27492.0,35045.0,34643.0,0,0,0,972.23984324,788.4,814.147877204
l2,23420.0,36208.0,32170.0,0,0,0,1160.71454027,785.0,851.862081254
l3,20852.0,36880.0,30742.0,0,0,0,1384.59657143,822.3,925.674857143
l4,20297.0,36713.0,29580.0,0,0,0,1480.23332048,867.4,997.5267258
l5,16207.0,19430.0,17390.0,0,0,0,3313.04526749,2821.0,2795.99588477
l6,14362.0,21380.0,16237.0,0,0,0,3847.51868358,2803.0,2958.66883785
l7,13180.0,23820.0,15385.0,0,0,0,4494.81753995,2809.0,3134.68115942
l8,12125.0,26787.0,14257.0,0,0,0,5132.91539081,2808.0,3372.54149879
l9,10505.0,8975.0,8427.0,0,0,0,10152.6820604,9810.0,9078.1705151
l10,10005.0,9232.0,8320.0,0,0,0,10769.269103,9974.0,9380.56055572
l11,9695.0,9520.0,8182.0,0,0,0,11228.6625464,9936.0,9539.91100124
l12,9120.0,9577.0,7852.0,0,0,0,11811.1498258,9970.0,9799.46468166
l13,34013.0,9412.0,6660.0,0,0,0,3479.37159763,5043.0,11371.1195266
l14,12350.0,25022.0,9525.0,0,0,0,5351.48912494,2731.0,5731.37025797
l15,9652.0,16840.0,46705.0,0,0,0,11794.306383,11080.0,700.161702128
l16,41685.0,47978.0,54398.0,0,0,0,451.561772686,354.6,262.876514923
l17,13872.0,39598.0,46405.0,0,0,0,3767.98389502,2046.0,288.014315538
l18,36325.0,22525.0,51520.0,0,0,0,1266.53157625,2566.0,559.048091734
l19,38660.0,28682.0,10400.0,0,0,0,980.915736041,469.6,4508.8751269
l20,40065.0,45118.0,50233.0,0,0,0,295.660512,299.3,362.799488
l21,38745.0,43688.0,47728.0,0,0,0,350.624742268,329.6,381.630927835
l22,32755.0,40448.0,43240.0,0,0,0,643.563606771,523.3,536.586914062
gs0,8075.0,5640.0,5242.0,0,0,0,19000.3149379,19730.0,18276.3305403
gs1,8577.0,6167.0,5775.0,0,0,0,17431.4289863,17910.0,16677.159454
gs2,9015.0,6540.0,6275.0,0,0,0,15705.9123876,16180.0,15053.4551784
gs3,9567.0,7020.0,6755.0,0,0,0,13910.1508121,14300.0,13263.1670534
gs4,10112.0,7595.0,7362.0,0,0,0,12316.4300203,12650.0,11689.6117068
gs5,10762.0,8295.0,8140.0,0,0,0,10713.9774371,11020.0,10143.3728666
gs6,11422.0,8980.0,8842.0,0,0,0,9425.80415945,9686.0,8866.24321202
gs7,12190.0,9860.0,9760.0,0,0,0,8201.19010417,8433.0,7766.8515625
gs8,13052.0,10807.0,10697.0,0,0,0,7006.86948956,7214.0,6701.40429234
gs9,14000.0,12060.0,11945.0,0,0,0,5900.17875798,6044.0,5594.99709808
gs10,15025.0,13335.0,13372.0,0,0,0,5081.40249927,5207.0,4843.82650392
gs11,16270.0,15035.0,15237.0,0,0,0,4281.35017422,4365.0,4027.86585366
gs12,17655.0,16497.0,16877.0,0,0,0,3568.73527697,3642.0,3407.34052478
gs13,19402.0,18540.0,19010.0,0,0,0,2900.52122987,2948.0,2783.98243045
gs14,21492.0,20965.0,21780.0,0,0,0,2344.77440283,2365.0,2264.56944854
gs15,24060.0,23660.0,25350.0,0,0,0,1838.40774421,1863.0,1763.53798768
gs16,27130.0,27057.0,28610.0,0,0,0,1416.03281111,1427.0,1375.11676027
gs17,30380.0,31060.0,33395.0,0,0,0,1069.46497192,1080.0,1042.96778008
gs18,33395.0,35068.0,38328.0,0,0,0,796.423396675,803.1,784.977790974
gs19,35943.0,39138.0,43060.0,0,0,0,568.299286776,574.1,563.692838039
gs20,37838.0,42250.0,46885.0,0,0,0,407.277914294,407.4,406.179142943
gs21,38340.0,42953.0,48293.0,0,0,0,337.298526316,337.4,340.038315789
gs22,38445.0,43140.0,49273.0,0,0,0,294.150967577,276.557377,295.970994188
gs23,38788.0,43310.0,48953.0,0,0,0,234.075679172,234.0,288.716041397
