patch,r,g,b,refR,refG,refB,refX,refY,refZ
a1,13042.0,20660.0,16565.0,0,0,0,3.6,3.01,2.05
a2,11588.0,21478.0,17018.0,0,0,0,4.42,2.97,1.76
a3,10553.0,22006.0,17597.0,0,0,0,5.12,3.01,1.46
a4,10222.0,21950.0,17492.0,0,0,0,5.65,3.26,1.6
a5,7949.0,13037.0,10264.0,0,0,0,12.71,10.97,7.93
a6,6927.0,14110.0,10810.0,0,0,0,15.07,11.1,6.97
a7,6399.0,15537.0,11469.0,0,0,0,17.42,11.1,6.06
a8,6033.0,17251.0,12213.0,0,0,0,20.36,11.07,5.12
a9,5056.0,6146.0,4727.0,0,0,0,40.62,39.94,31.49
a10,4808.0,6319.0,4812.0,0,0,0,42.88,40.04,30.47
a11,4602.0,6559.0,4947.0,0,0,0,45.09,40.03,29.12
a12,4458.0,6792.0,5101.0,0,0,0,46.77,39.85,28.06
a13,4069.0,4027.0,3077.0,0,0,0,71.78,75.46,63.09
a14,3991.0,4132.0,3097.0,0,0,0,71.91,73.14,62.17
a15,3938.0,3980.0,3080.0,0,0,0,74.11,76.98,63.06
a16,3960.0,4031.0,3062.0,0,0,0,72.73,75.12,62.6
a17,3884.0,3939.0,3037.0,0,0,0,74.05,76.81,62.33
a18,3837.0,3844.0,2925.0,0,0,0,74.16,77.19,62.97
a19,3914.0,3878.0,2820.0,0,0,0,69.16,71.7,62.05
a20,15601.0,24171.0,19721.0,0,0,0,1.37,1.12,0.78
a21,10300.0,22248.0,18696.0,0,0,0,5.17,3.27,0.85
a22,7485.0,20657.0,17999.0,0,0,0,10.35,5.9,0.91
b1,13410.0,21096.0,17592.0,0,0,0,3.35,2.93,1.63
b2,12404.0,22073.0,18682.0,0,0,0,3.98,2.94,1.07
b3,11306.0,22547.0,19143.0,0,0,0,4.71,3.09,0.74
b4,10933.0,22642.0,19414.0,0,0,0,5.08,3.21,0.69
b5,7751.0,13626.0,12015.0,0,0,0,12.86,11.1,5.86
b6,7049.0,15400.0,14349.0,0,0,0,14.66,11.01,3.94
b7,6611.0,17517.0,16502.0,0,0,0,16.97,10.94,2.28
b8,6338.0,19485.0,17905.0,0,0,0,19.7,11.01,1.2
b9,5045.0,6194.0,4962.0,0,0,0,40.39,40.01,29.68
b10,4807.0,6518.0,5393.0,0,0,0,42.59,40.11,26.44
b11,4614.0,6817.0,5745.0,0,0,0,44.29,39.94,23.52
b12,4497.0,7196.0,6281.0,0,0,0,45.98,39.89,21.17
b13,4353.0,4098.0,3079.0,0,0,0,65.55,71.21,61.79
b14,4006.0,4295.0,3098.0,0,0,0,68.8,67.99,60.07
b15,3934.0,4140.0,3431.0,0,0,0,71.26,74.48,51.88
b16,4390.0,4613.0,3504.0,0,0,0,57.82,60.0,49.14
b17,3973.0,4485.0,3454.0,0,0,0,65.61,64.93,49.68
b18,4232.0,4145.0,3375.0,0,0,0,62.84,68.83,51.29
b19,4188.0,4148.0,2848.0,0,0,0,60.77,62.73,59.44
b20,13594.0,23571.0,19653.0,0,0,0,2.87,2.06,0.8
b21,8146.0,21348.0,18297.0,0,0,0,8.37,4.88,0.88
b22,5045.0,8974.0,8082.0,0,0,0,29.02,24.67,11.91
c1,12505.0,19098.0,16468.0,0,0,0,4.49,4.31,2.29
c2,12051.0,20191.0,18196.0,0,0,0,4.9,4.37,1.42
c3,11695.0,20986.0,19473.0,0,0,0,5.13,4.3,0.82
c4,11377.0,20808.0,19730.0,0,0,0,5.7,4.77,0.85
c5,5970.0,9223.0,8876.0,0,0,0,23.78,22.59,10.89
c6,5752.0,11142.0,13321.0,0,0,0,25.55,22.41,5.5
c7,5660.0,12997.0,17386.0,0,0,0,27.72,22.42,2.39
c8,5674.0,13880.0,18746.0,0,0,0,28.7,22.23,1.28
c9,4735.0,5678.0,4752.0,0,0,0,46.89,47.28,32.4
c10,4554.0,5978.0,5416.0,0,0,0,48.17,47.13,26.63
c11,4443.0,6406.0,6390.0,0,0,0,49.81,47.42,21.58
c12,4402.0,6840.0,7270.0,0,0,0,50.47,46.85,18.1
c13,4727.0,4187.0,3110.0,0,0,0,58.24,65.94,60.94
c14,4060.0,4596.0,3104.0,0,0,0,64.18,60.73,57.45
c15,3958.0,4368.0,3932.0,0,0,0,68.73,71.96,42.7
c16,4811.0,5233.0,3998.0,0,0,0,45.88,47.73,38.75
c17,4056.0,5054.0,3962.0,0,0,0,58.66,55.64,39.4
c18,4637.0,4467.0,3903.0,0,0,0,53.28,61.12,41.61
c19,4619.0,4543.0,2913.0,0,0,0,50.72,52.04,56.28
c20,15405.0,24224.0,20035.0,0,0,0,1.7,1.45,0.76
c21,5539.0,12799.0,13236.0,0,0,0,22.87,17.19,4.72
c22,4770.0,7330.0,6348.0,0,0,0,34.53,31.48,17.4
d1,13165.0,19115.0,16694.0,0,0,0,4.16,4.32,2.27
d2,13432.0,19969.0,18641.0,0,0,0,4.07,4.26,1.47
d3,13678.0,20617.0,19917.0,0,0,0,4.08,4.3,0.89
d4,13221.0,20086.0,19992.0,0,0,0,4.69,4.91,0.92
d5,5892.0,7873.0,7789.0,0,0,0,26.68,27.74,13.94
d6,5942.0,9315.0,12009.0,0,0,0,26.33,27.41,7.43
d7,6178.0,10855.0,16826.0,0,0,0,26.1,27.43,3.6
d8,6464.0,11841.0,19595.0,0,0,0,25.91,27.31,1.65
d9,4552.0,5099.0,4306.0,0,0,0,53.02,55.12,37.61
d10,4487.0,5325.0,5025.0,0,0,0,52.96,55.14,30.47
d11,4473.0,5632.0,5922.0,0,0,0,52.49,54.62,24.44
d12,4600.0,7074.0,10318.0,0,0,0,52.17,54.65,11.69
d13,5173.0,4279.0,3117.0,0,0,0,51.28,60.55,59.94
d14,4122.0,5017.0,3164.0,0,0,0,58.99,52.82,54.44
d15,3963.0,4607.0,4526.0,0,0,0,66.07,69.08,34.69
d16,5328.0,6060.0,4646.0,0,0,0,35.35,36.71,29.94
d17,4147.0,5796.0,4595.0,0,0,0,51.68,46.54,30.64
d18,5069.0,4803.0,4454.0,0,0,0,44.32,53.48,33.27
d19,5099.0,5024.0,2983.0,0,0,0,41.16,41.63,52.5
d20,6910.0,16123.0,16090.0,0,0,0,13.96,10.52,2.72
d21,5948.0,8961.0,8032.0,0,0,0,21.28,20.6,11.58
d22,4598.0,6551.0,5858.0,0,0,0,38.28,36.52,19.91
e1,13864.0,19114.0,16939.0,0,0,0,3.71,4.2,2.3
e2,14601.0,19753.0,18830.0,0,0,0,3.39,4.21,1.48
e3,15183.0,20276.0,20224.0,0,0,0,3.12,4.17,0.94
e4,15166.0,19924.0,20572.0,0,0,0,3.34,4.54,0.97
e5,8936.0,11206.0,11139.0,0,0,0,12.46,14.03,7.52
e6,9831.0,12294.0,14947.0,0,0,0,11.51,14.17,4.54
e7,11060.0,13266.0,18388.0,0,0,0,10.28,14.01,2.58
e8,12459.0,13987.0,20634.0,0,0,0,9.41,13.94,1.45
e9,5372.0,6073.0,5222.0,0,0,0,37.32,40.04,27.82
e10,5466.0,6227.0,5919.0,0,0,0,36.12,40.08,23.52
e11,5634.0,6511.0,6855.0,0,0,0,34.48,39.54,19.51
e12,6226.0,7482.0,10334.0,0,0,0,31.25,39.49,11.51
e13,5763.0,4399.0,3103.0,0,0,0,44.56,54.93,58.76
e14,4223.0,5569.0,3237.0,0,0,0,53.83,45.36,51.25
e15,3993.0,4954.0,5373.0,0,0,0,63.56,66.14,27.3
e16,6036.0,7184.0,5530.0,0,0,0,26.43,27.39,22.31
e17,4275.0,6802.0,5438.0,0,0,0,45.25,38.47,22.96
e18,5649.0,5261.0,5317.0,0,0,0,36.26,46.15,25.81
e19,5768.0,5629.0,3061.0,0,0,0,32.7,32.33,48.49
e20,5624.0,15635.0,18111.0,0,0,0,24.1,16.56,1.28
e21,6457.0,14374.0,16697.0,0,0,0,16.87,13.84,2.61
e22,5060.0,9764.0,10600.0,0,0,0,29.42,25.29,8.09
f1,16023.0,22718.0,18895.0,0,0,0,1.44,1.82,1.33
f2,16477.0,22915.0,19580.0,0,0,0,1.14,1.81,1.11
f3,16676.0,22878.0,20196.0,0,0,0,0.96,1.86,0.95
f4,16824.0,22905.0,20281.0,0,0,0,1.04,2.07,1.04
f5,12785.0,14143.0,12822.0,0,0,0,6.56,8.17,5.7
f6,14373.0,14434.0,14354.0,0,0,0,5.29,8.1,4.88
f7,15464.0,14919.0,16216.0,0,0,0,4.12,7.88,4.01
f8,16075.0,15443.0,18418.0,0,0,0,3.17,7.93,3.15
f9,5489.0,5867.0,4747.0,0,0,0,36.82,39.95,31.21
f10,5745.0,5832.0,4859.0,0,0,0,35.06,39.82,30.35
f11,6024.0,5814.0,5048.0,0,0,0,33.34,39.72,28.68
f12,7177.0,5821.0,5611.0,0,0,0,28.72,39.6,25.54
f13,6644.0,4558.0,3112.0,0,0,0,37.91,49.0,57.14
f14,4322.0,6224.0,3303.0,0,0,0,48.68,38.42,47.78
f15,4016.0,5355.0,6435.0,0,0,0,61.43,63.43,21.2
f16,7045.0,8680.0,6792.0,0,0,0,19.07,19.84,16.29
f17,4455.0,8115.0,6635.0,0,0,0,39.69,31.74,17.01
f18,6513.0,5887.0,6379.0,0,0,0,29.06,39.29,19.71
f19,6839.0,6491.0,3208.0,0,0,0,25.36,24.37,44.23
f20,5555.0,8763.0,8518.0,0,0,0,25.51,24.4,11.61
f21,4830.0,8459.0,9169.0,0,0,0,32.92,29.82,10.41
f22,4575.0,7122.0,7051.0,0,0,0,37.76,35.31,15.44
g1,15380.0,20274.0,16282.0,0,0,0,2.24,2.84,2.62
g2,15954.0,20177.0,16306.0,0,0,0,1.8,2.81,2.81
g3,16255.0,19907.0,16231.0,0,0,0,1.51,2.88,3.06
g4,16337.0,19646.0,16138.0,0,0,0,1.63,3.14,3.31
g5,11580.0,11426.0,9272.0,0,0,0,9.02,11.02,9.72
g6,13446.0,11218.0,9168.0,0,0,0,7.51,10.82,10.37
g7,14801.0,11147.0,9249.0,0,0,0,6.21,10.78,10.87
g8,15402.0,11096.0,9260.0,0,0,0,4.84,10.54,11.46
g9,5530.0,5750.0,4501.0,0,0,0,36.78,40.1,33.33
g10,5901.0,5627.0,4434.0,0,0,0,34.81,40.06,34.24
g11,6289.0,5549.0,4372.0,0,0,0,32.74,39.52,34.75
g12,7953.0,5299.0,4178.0,0,0,0,28.17,39.67,37.32
g13,7732.0,4712.0,3098.0,0,0,0,32.34,43.69,55.43
g14,4474.0,7095.0,3441.0,0,0,0,43.33,31.66,43.84
g15,4038.0,5893.0,7904.0,0,0,0,59.44,60.7,15.78
g16,8423.0,10585.0,8328.0,0,0,0,13.19,13.68,11.25
g17,4672.0,9773.0,8183.0,0,0,0,34.42,25.62,11.79
g18,7652.0,6722.0,7977.0,0,0,0,22.98,33.15,14.47
g19,8312.0,7606.0,3375.0,0,0,0,19.22,17.59,39.78
g20,4811.0,7344.0,7626.0,0,0,0,35.48,34.29,14.35
g21,4864.0,8350.0,10324.0,0,0,0,33.68,32.18,9.03
g22,4566.0,10081.0,17634.0,0,0,0,44.97,41.42,2.73
h1,15164.0,19938.0,15037.0,0,0,0,2.48,2.9,3.3
h2,15691.0,19363.0,13751.0,0,0,0,2.18,2.89,4.31
h3,16011.0,18869.0,12513.0,0,0,0,1.91,2.82,5.47
h4,16089.0,18172.0,11742.0,0,0,0,2.07,3.18,6.44
h5,11228.0,11217.0,8083.0,0,0,0,9.54,10.9,11.81
h6,13170.0,10603.0,6963.0,0,0,0,8.56,10.92,15.18
h7,14546.0,10205.0,6104.0,0,0,0,7.56,10.8,18.87
h8,15254.0,9862.0,5505.0,0,0,0,6.47,10.48,23.24
h9,5551.0,5721.0,4276.0,0,0,0,37.1,39.87,36.01
h10,5793.0,5544.0,3996.0,0,0,0,35.94,39.86,39.41
h11,6147.0,5341.0,3710.0,0,0,0,34.77,40.11,43.54
h12,7607.0,4997.0,3149.0,0,0,0,31.37,39.86,53.6
h13,9227.0,4989.0,3130.0,0,0,0,27.4,38.66,53.54
h14,4650.0,8209.0,3602.0,0,0,0,38.54,25.97,40.04
h15,4107.0,6595.0,9796.0,0,0,0,57.65,58.09,11.55
h16,10302.0,13278.0,10466.0,0,0,0,8.79,9.09,7.52
h17,4929.0,11746.0,10105.0,0,0,0,30.0,20.76,7.97
h18,9138.0,7754.0,9990.0,0,0,0,17.94,27.73,10.39
h19,10216.0,8990.0,3597.0,0,0,0,14.43,12.32,35.59
h20,4640.0,6680.0,7516.0,0,0,0,40.11,40.56,15.11
h21,5251.0,6577.0,5688.0,0,0,0,30.41,31.53,20.14
h22,5064.0,7255.0,9331.0,0,0,0,34.18,37.07,11.1
i1,13683.0,17148.0,11619.0,0,0,0,4.16,4.25,5.57
i2,14361.0,16342.0,9185.0,0,0,0,4.22,4.26,8.42
i3,15002.0,15462.0,7581.0,0,0,0,4.25,4.23,11.7
i4,15678.0,14178.0,5708.0,0,0,0,4.3,4.22,18.88
i5,8620.0,9820.0,6830.0,0,0,0,13.9,14.27,15.06
i6,9171.0,9512.0,5796.0,0,0,0,13.87,14.18,19.13
i7,9780.0,9318.0,5143.0,0,0,0,14.09,14.3,23.57
i8,12056.0,8469.0,3773.0,0,0,0,14.17,14.28,37.97
i9,5282.0,5763.0,4229.0,0,0,0,38.44,39.68,35.7
i10,5344.0,5676.0,3964.0,0,0,0,38.68,39.92,39.37
i11,5401.0,5581.0,3696.0,0,0,0,38.82,39.95,43.1
i12,5536.0,5297.0,3196.0,0,0,0,39.39,40.48,52.11
i13,10834.0,5267.0,3160.0,0,0,0,22.98,33.84,51.3
i14,4884.0,9544.0,3794.0,0,0,0,33.71,20.65,35.93
i15,4204.0,7488.0,12224.0,0,0,0,55.88,55.42,8.16
i16,12488.0,16988.0,13336.0,0,0,0,5.48,5.63,4.71
i17,5288.0,14286.0,12581.0,0,0,0,25.84,16.48,5.07
i18,10933.0,9099.0,12647.0,0,0,0,13.69,22.84,7.12
i19,12283.0,10761.0,3887.0,0,0,0,10.53,8.11,31.26
i20,4726.0,6193.0,7385.0,0,0,0,40.46,44.14,15.57
i21,9937.0,12086.0,16395.0,0,0,0,10.6,14.14,3.33
i22,6071.0,6084.0,6654.0,0,0,0,27.73,35.54,16.85
j1,15265.0,21707.0,15265.0,0,0,0,2.03,1.81,2.98
j2,15323.0,20939.0,12467.0,0,0,0,2.43,1.89,4.86
j3,15460.0,19961.0,9791.0,0,0,0,2.75,1.86,7.76
j4,16039.0,17493.0,5793.0,0,0,0,3.89,1.92,19.02
j5,9273.0,11583.0,7954.0,0,0,0,11.37,11.02,11.93
j6,9130.0,11329.0,6719.0,0,0,0,12.09,11.01,15.55
j7,9116.0,11029.0,5633.0,0,0,0,13.09,11.24,20.23
j8,9248.0,10408.0,4054.0,0,0,0,15.11,11.12,33.57
j9,5195.0,5769.0,4174.0,0,0,0,39.41,40.08,36.29
j10,5121.0,5724.0,3929.0,0,0,0,40.38,40.15,39.28
j11,5092.0,5667.0,3673.0,0,0,0,41.5,40.42,43.68
j12,5011.0,5519.0,3213.0,0,0,0,43.0,40.44,51.03
j13,12360.0,5618.0,3184.0,0,0,0,19.05,29.21,48.71
j14,5147.0,11048.0,4053.0,0,0,0,29.51,16.47,32.13
j15,4340.0,8619.0,15246.0,0,0,0,54.05,52.52,5.29
j16,14735.0,20999.0,16770.0,0,0,0,3.1,3.21,2.66
j17,5717.0,17236.0,15394.0,0,0,0,22.32,13.18,2.86
j18,12813.0,10805.0,15874.0,0,0,0,10.1,18.32,4.5
j19,14096.0,13040.0,4264.0,0,0,0,7.58,5.05,27.03
j20,6043.0,5617.0,5417.0,0,0,0,29.46,37.68,22.04
j21,14909.0,15720.0,19913.0,0,0,0,4.0,7.61,1.46
j22,16097.0,22791.0,20054.0,0,0,0,1.27,2.04,0.96
k1,11996.0,18064.0,12123.0,0,0,0,5.15,4.32,5.09
k2,10634.0,17743.0,9820.0,0,0,0,6.39,4.32,7.23
k3,9443.0,17611.0,8261.0,0,0,0,7.75,4.37,9.62
k4,8955.0,17573.0,7643.0,0,0,0,8.62,4.45,11.15
k5,7512.0,10450.0,7070.0,0,0,0,15.56,14.22,14.49
k6,6878.0,10561.0,6057.0,0,0,0,17.79,14.33,18.03
k7,6401.0,10808.0,5358.0,0,0,0,20.02,14.38,21.96
k8,5648.0,11297.0,4210.0,0,0,0,25.52,14.48,31.69
k9,5010.0,5779.0,4129.0,0,0,0,40.84,40.34,36.15
k10,4832.0,5846.0,3898.0,0,0,0,42.98,40.37,39.23
k11,4719.0,5956.0,3723.0,0,0,0,44.92,40.27,42.42
k12,4438.0,6009.0,3297.0,0,0,0,48.93,40.18,48.91
k13,13513.0,6076.0,3301.0,0,0,0,15.44,24.54,45.44
k14,5492.0,12846.0,4414.0,0,0,0,25.29,12.75,27.93
k15,4492.0,9598.0,17620.0,0,0,0,52.06,49.38,3.26
k16,16198.0,23886.0,19241.0,0,0,0,1.54,1.61,1.35
k17,6184.0,19788.0,17458.0,0,0,0,18.93,10.33,1.47
k18,14427.0,12692.0,18892.0,0,0,0,6.97,13.97,2.67
k19,15239.0,15665.0,4785.0,0,0,0,5.37,2.89,22.62
k20,15441.0,20969.0,18074.0,0,0,0,2.28,3.02,1.91
k21,16000.0,22916.0,18709.0,0,0,0,1.26,1.72,1.49
k22,15730.0,21511.0,16234.0,0,0,0,1.62,2.1,2.79
l1,13264.0,20973.0,15802.0,0,0,0,3.58,2.92,2.64
l2,11679.0,21143.0,15175.0,0,0,0,4.48,2.96,2.93
l3,10300.0,20752.0,14281.0,0,0,0,5.39,3.12,3.23
l4,10072.0,20888.0,14317.0,0,0,0,5.95,3.4,3.57
l5,7840.0,12528.0,8934.0,0,0,0,12.96,11.08,9.97
l6,6860.0,13475.0,8500.0,0,0,0,15.38,10.99,10.69
l7,6264.0,14522.0,7916.0,0,0,0,18.18,11.02,11.56
l8,5851.0,15720.0,7462.0,0,0,0,21.16,10.96,12.58
l9,4935.0,5922.0,4347.0,0,0,0,40.94,39.99,33.66
l10,4730.0,6048.0,4265.0,0,0,0,43.02,39.82,34.15
l11,4564.0,6218.0,4181.0,0,0,0,45.36,39.98,35.08
l12,4367.0,6335.0,4044.0,0,0,0,48.06,40.19,35.97
l13,14260.0,6757.0,3510.0,0,0,0,12.12,19.77,41.27
l14,5872.0,14646.0,4876.0,0,0,0,21.34,9.74,23.64
l15,4670.0,10390.0,18991.0,0,0,0,48.52,44.71,1.86
l16,16889.0,25358.0,20661.0,0,0,0,0.63,0.68,0.6
l17,6666.0,21317.0,18609.0,0,0,0,15.51,7.82,0.67
l18,15484.0,14806.0,20636.0,0,0,0,4.37,9.78,1.44
l19,15772.0,17917.0,5540.0,0,0,0,3.85,1.6,18.27
l20,16373.0,24471.0,19690.0,0,0,0,0.71,0.78,0.82
l21,16063.0,24222.0,19484.0,0,0,0,0.96,0.93,1.01
l22,14989.0,23561.0,18667.0,0,0,0,1.94,1.57,1.38
gs0,3756.0,3701.0,2757.0,0,0,0,74.72,77.75,63.04
gs1,3996.0,4058.0,3055.0,0,0,0,65.56,67.88,55.45
gs2,4200.0,4317.0,3252.0,0,0,0,58.77,60.99,49.71
gs3,4446.0,4696.0,3554.0,0,0,0,52.06,53.98,44.05
gs4,4721.0,5099.0,3898.0,0,0,0,45.81,47.44,38.7
gs5,5044.0,5577.0,4285.0,0,0,0,39.71,41.23,33.59
gs6,5395.0,6109.0,4733.0,0,0,0,34.84,36.16,29.36
gs7,5793.0,6735.0,5183.0,0,0,0,30.03,31.18,25.42
gs8,6207.0,7295.0,5641.0,0,0,0,25.6,26.6,21.81
gs9,6782.0,8210.0,6369.0,0,0,0,21.49,22.27,18.18
gs10,7345.0,8962.0,7031.0,0,0,0,18.22,18.88,15.51
gs11,8060.0,10075.0,7909.0,0,0,0,15.15,15.65,12.67
gs12,8917.0,11133.0,8779.0,0,0,0,12.54,12.98,10.68
gs13,9844.0,12520.0,9884.0,0,0,0,10.08,10.41,8.63
gs14,10864.0,14145.0,11080.0,0,0,0,8.0,8.24,6.87
gs15,12070.0,16020.0,12701.0,0,0,0,6.21,6.42,5.29
gs16,13287.0,18234.0,14303.0,0,0,0,4.68,4.81,4.05
gs17,14347.0,20191.0,16005.0,0,0,0,3.52,3.65,3.03
gs18,15156.0,21910.0,17489.0,0,0,0,2.57,2.68,2.23
gs19,15678.0,23119.0,18569.0,0,0,0,1.75,1.84,1.54
gs20,15971.0,23792.0,19311.0,0,0,0,1.17,1.22,1.07
gs21,15967.0,24070.0,19609.0,0,0,0,0.95,1.0,0.87
gs22,16082.0,24253.0,19830.0,0,0,0,0.75,0.8,0.7
gs23,16097.0,24360.0,19821.0,0,0,0,0.43,0.52,0.56
