patch r g b
a1 1538 16931 1884
a2 1649 18651 2073
a3 1735 20061 2221
a4 1727 20008 2214
a5 901 9836 1090
a6 1001 11288 1249
a7 1133 13090 1443
a8 1333 15826 1730
a9 428 4267 477
a10 438 4465 500
a11 457 4764 532
a12 471 4982 553
a13 298 2770 313
a14 306 2918 328
a15 293 2753 310
a16 295 2800 312
a17 293 2784 312
a18 290 2712 305
a19 299 2811 313
a20 2012 22096 2432
a21 1716 19712 2208
a22 1581 18475 2078
b1 1550 17084 1919
b2 1665 18675 2092
b3 1749 19986 2239
b4 1737 20064 2255
b5 918 10037 1132
b6 1021 11488 1309
b7 1186 13741 1569
b8 1392 16451 1872
b9 425 4256 478
b10 436 4486 502
b11 453 4720 533
b12 467 4952 561
b13 304 2813 315
b14 320 3126 345
b15 301 2849 323
b16 334 3200 357
b17 329 3220 357
b18 308 2847 322
b19 325 3065 340
b20 1879 21174 2338
b21 1648 19237 2154
b22 610 6578 740
c1 1309 14112 1589
c2 1380 15114 1719
c3 1437 15993 1834
c4 1392 15499 1780
c5 593 6175 709
c6 634 6829 813
c7 684 7454 929
c8 722 7982 1004
c9 387 3812 431
c10 392 3951 450
c11 401 4068 469
c12 408 4189 490
c13 315 2842 317
c14 345 3420 378
c15 305 2919 335
c16 377 3664 407
c17 362 3664 409
c18 321 2964 335
c19 360 3421 374
c20 1971 21834 2399
c21 823 9253 1057
c22 501 5274 591
d1 1294 13747 1556
d2 1329 14151 1616
d3 1348 14356 1660
d4 1282 13622 1588
d5 506 5048 581
d6 509 5121 620
d7 502 5026 658
d8 506 5059 699
d9 349 3359 384
d10 352 3402 393
d11 353 3427 403
d12 351 3383 431
d13 327 2887 322
d14 377 3840 420
d15 308 2951 343
d16 437 4325 481
d17 408 4232 472
d18 339 3078 351
d19 401 3858 418
d20 1051 11912 1361
d21 608 6417 718
d22 447 4597 517
e1 1294 13481 1524
e2 1302 13336 1533
e3 1297 13171 1539
e4 1261 12662 1495
e5 718 7191 827
e6 698 6807 819
e7 679 6337 810
e8 677 6007 804
e9 415 3975 451
e10 415 3941 453
e11 414 3909 455
e12 398 3606 451
e13 338 2912 323
e14 419 4332 470
e15 312 2999 353
e16 510 5101 565
e17 471 5022 557
e18 356 3179 369
e19 450 4395 470
e20 945 10831 1287
e21 862 9596 1131
e22 593 6389 740
f1 1770 18815 2098
f2 1753 18456 2071
f3 1734 18065 2036
f4 1694 17486 1985
f5 944 9232 1045
f6 919 8382 969
f7 920 7874 936
f8 913 7508 921
f9 422 3965 447
f10 414 3850 434
f11 410 3748 429
f12 396 3370 392
f13 356 2955 327
f14 475 5042 542
f15 319 3060 367
f16 603 6139 677
f17 553 6051 675
f18 380 3333 392
f19 518 5086 539
f20 565 5942 672
f21 513 5423 627
f22 450 4677 534
g1 1493 15475 1725
g2 1479 14969 1657
g3 1443 14489 1604
g4 1413 14018 1557
g5 796 7642 850
g6 791 6937 776
g7 792 6404 719
g8 796 6097 685
g9 423 3964 446
g10 413 3777 424
g11 411 3700 416
g12 396 3216 362
g13 377 2989 329
g14 551 6013 641
g15 324 3132 387
g16 735 7625 839
g17 665 7443 830
g18 408 3479 416
g19 609 6011 631
g20 452 4664 537
g21 470 4894 580
g22 408 4199 575
h1 1502 15633 1719
h2 1479 15099 1648
h3 1467 14726 1597
h4 1392 13709 1481
h5 816 7949 876
h6 800 7173 782
h7 800 6526 709
h8 795 6145 661
h9 427 3995 447
h10 420 3886 432
h11 411 3719 410
h12 403 3314 364
h13 402 3023 331
h14 654 7300 769
h15 332 3200 411
h16 916 9585 1054
h17 806 9209 1026
h18 444 3664 447
h19 733 7250 752
h20 401 4026 469
h21 448 4489 501
h22 403 3967 473
i1 1285 13349 1459
i2 1255 12760 1368
i3 1229 12149 1290
i4 1173 11016 1153
i5 734 7374 811
i6 730 7222 787
i7 723 7032 756
i8 704 6209 656
i9 432 4137 462
i10 428 4093 453
i11 425 4082 447
i12 416 3917 427
i13 434 3029 332
i14 783 8922 932
i15 344 3324 441
i16 1174 12415 1361
i17 992 11486 1281
i18 495 3872 488
i19 899 8847 913
i20 369 3550 421
i21 642 6127 751
i22 388 3526 410
j1 1790 19373 2109
j2 1788 19326 2074
j3 1752 18817 1985
j4 1572 16194 1676
j5 863 8958 978
j6 871 9102 985
j7 871 9123 971
j8 861 8987 944
j9 435 4192 467
j10 433 4215 467
j11 432 4243 467
j12 433 4244 462
j13 477 3077 336
j14 939 10900 1137
j15 357 3471 484
j16 1535 16503 1808
j17 1218 14295 1608
j18 560 4222 549
j19 1103 10885 1112
j20 387 3420 393
j21 875 7586 939
j22 1704 17935 1996
k1 1358 14825 1625
k2 1436 16155 1740
k3 1492 17123 1821
k4 1551 17953 1890
k5 777 8213 900
k6 823 8915 962
k7 868 9586 1022
k8 968 11082 1166
k9 436 4265 473
k10 444 4414 488
k11 455 4595 505
k12 467 4823 522
k13 522 3240 353
k14 1129 13278 1378
k15 374 3668 532
k16 1950 21267 2315
k17 1488 17709 1982
k18 644 4800 637
k19 1352 13697 1394
k20 1506 15663 1744
k21 1807 19307 2116
k22 1687 17936 1944
l1 1641 18106 2002
l2 1706 19332 2119
l3 1753 20300 2207
l4 1752 20397 2203
l5 910 9891 1085
l6 1029 11578 1259
l7 1170 13575 1456
l8 1354 16072 1701
l9 435 4279 479
l10 445 4498 500
l11 463 4753 523
l12 472 4903 536
l13 576 3654 393
l14 1321 15698 1627
l15 404 4044 594
l16 2188 24102 2633
l17 1740 20821 2326
l18 779 6117 799
l19 1646 17380 1773
l20 2132 23400 2556
l21 2086 22955 2492
l22 1959 21835 2371
gs0 283 2618 297
gs1 309 2878 324
gs2 324 3046 341
gs3 345 3277 367
gs4 371 3531 395
gs5 402 3854 431
gs6 432 4205 467
gs7 474 4631 516
gs8 517 5113 572
gs9 574 5730 638
gs10 633 6396 712
gs11 711 7283 809
gs12 776 7995 888
gs13 875 9073 1001
gs14 986 10337 1138
gs15 1106 11615 1284
gs16 1284 13591 1490
gs17 1478 15753 1723
gs18 1687 18121 1985
gs19 1853 20149 2206
gs20 2013 21999 2395
gs21 2063 22703 2478
gs22 2077 22845 2496
gs23 2104 23112 2518
