patch r g b
a1 25217 3828 512
a2 20757 3164 414
a3 18294 2801 360
a4 17701 2704 345
a5 15052 2301 294
a6 12932 1982 247
a7 11417 1756 218
a8 10052 1553 190
a9 10249 1564 196
a10 9675 1484 184
a11 9152 1405 174
a12 8746 1341 165
a13 8370 1282 156
a14 8215 1252 153
a15 8055 1233 151
a16 8108 1238 150
a17 8051 1230 150
a18 7963 1219 147
a19 8322 1270 155
a20 35842 5362 748
a21 18318 2788 361
a22 13143 2015 253
b1 26305 3989 535
b2 22578 3431 452
b3 19855 3030 393
b4 19042 2906 375
b5 14669 2241 286
b6 12886 1972 247
b7 11318 1740 215
b8 10068 1551 190
b9 10248 1569 197
b10 9572 1470 183
b11 9070 1387 171
b12 8655 1324 161
b13 9117 1389 172
b14 8246 1260 153
b15 8107 1238 152
b16 9097 1387 171
b17 8187 1254 152
b18 8990 1369 169
b19 8963 1369 168
b20 26819 4046 546
b21 14509 2217 281
b22 9990 1529 187
c1 24190 3674 490
c2 22331 3389 449
c3 21220 3229 425
c4 20288 3094 406
c5 11862 1813 227
c6 10778 1649 207
c7 9871 1516 187
c8 9665 1481 185
c9 9602 1468 184
c10 9161 1403 174
c11 8687 1332 163
c12 8385 1282 157
c13 10045 1535 194
c14 8332 1275 157
c15 8114 1242 152
c16 10062 1533 191
c17 8294 1268 155
c18 9883 1507 187
c19 10012 1527 190
c20 34561 5181 715
c21 10254 1573 194
c22 9720 1486 184
d1 26410 3996 540
d2 26773 4044 549
d3 27217 4111 558
d4 25822 3910 528
d5 11995 1832 231
d6 11734 1787 227
d7 11681 1782 225
d8 11996 1828 233
d9 9244 1414 177
d10 9102 1393 171
d11 8973 1372 171
d12 8765 1337 165
d13 11118 1693 213
d14 8441 1292 158
d15 8045 1227 150
d16 11305 1716 216
d17 8327 1274 154
d18 10933 1661 210
d19 11148 1697 213
d20 12865 1964 245
d21 12314 1876 235
d22 9487 1454 179
e1 29379 4437 609
e2 31806 4784 662
e3 34126 5131 718
e4 34024 5111 718
e5 17568 2660 349
e6 19105 2892 383
e7 21536 3250 439
e8 25009 3751 517
e9 11135 1692 215
e10 11371 1732 220
e11 11701 1780 227
e12 12678 1922 247
e13 12391 1883 240
e14 8532 1303 160
e15 7972 1219 150
e16 12607 1913 243
e17 8475 1296 159
e18 12150 1844 235
e19 12584 1909 242
e20 9656 1479 180
e21 12052 1842 229
e22 9711 1485 183
f1 38611 5786 814
f2 40711 6098 864
f3 41961 6267 896
f4 42543 6350 907
f5 27256 4098 563
f6 33696 5049 712
f7 38715 5782 829
f8 41650 6207 902
f9 11520 1755 223
f10 12119 1845 236
f11 12755 1936 248
f12 14995 2266 297
f13 14150 2142 279
f14 8708 1334 165
f15 7917 1210 149
f16 14394 2180 280
f17 8596 1315 161
f18 13848 2094 271
f19 14591 2211 285
f20 11378 1733 216
f21 9544 1458 180
f22 9158 1398 172
g1 36598 5486 769
g2 40027 5989 851
g3 41718 6227 888
g4 42157 6294 900
g5 24072 3630 490
g6 31116 4654 653
g7 37713 5620 806
g8 41182 6117 890
g9 11718 1786 227
g10 12488 1900 242
g11 13433 2040 264
g12 16698 2520 331
g13 16418 2476 327
g14 8945 1367 169
g15 7835 1197 147
g16 16664 2525 327
g17 8730 1337 164
g18 15829 2392 314
g19 17258 2610 340
g20 9794 1494 185
g21 9637 1471 182
g22 8000 1225 147
h1 35891 5379 750
h2 39318 5863 829
h3 41710 6223 884
h4 42188 6298 900
h5 23291 3501 471
h6 30045 4490 626
h7 37079 5516 791
h8 41042 6097 882
h9 11750 1785 227
h10 12425 1884 240
h11 13210 2001 257
h12 16181 2438 323
h13 19639 2947 398
h14 9152 1401 172
h15 7760 1186 144
h16 20217 3052 403
h17 8888 1360 166
h18 18813 2826 378
h19 21668 3261 433
h20 9476 1442 178
h21 11113 1689 211
h22 10304 1569 195
i1 30086 4523 622
i2 33141 4977 689
i3 36854 5514 775
i4 41988 6247 896
i5 17456 2637 344
i6 18691 2825 373
i7 19979 3015 402
i8 26867 4021 554
i9 11232 1708 215
i10 11350 1726 218
i11 11506 1743 220
i12 11887 1803 229
i13 23923 3575 490
i14 9456 1446 179
i15 7776 1182 145
i16 25374 3802 513
i17 9089 1394 170
i18 23121 3455 472
i19 27624 4134 564
i20 9856 1501 186
i21 19619 2949 391
i22 12938 1961 250
j1 35355 5311 740
j2 35650 5345 746
j3 37502 5604 783
j4 42359 6313 903
j5 18345 2774 364
j6 18237 2756 362
j7 18250 2756 361
j8 18638 2818 370
j9 11037 1674 212
j10 10843 1647 209
j11 10787 1638 206
j12 10701 1627 205
j13 29305 4358 616
j14 9821 1500 185
j15 7744 1179 144
j16 32068 4777 662
j17 9405 1441 177
j18 28528 4245 594
j19 34361 5116 713
j20 13097 1980 254
j21 36662 5439 773
j22 40181 5963 844
k1 23597 3566 473
k2 20188 3061 400
k3 17597 2683 343
k4 16853 2565 328
k5 15099 2292 295
k6 13845 2104 267
k7 12810 1948 245
k8 10967 1673 208
k9 10595 1612 204
k10 10150 1545 194
k11 9805 1494 188
k12 9075 1380 171
k13 34401 5093 734
k14 10305 1573 194
k15 7841 1194 146
k16 38597 5737 808
k17 9931 1520 187
k18 34548 5114 731
k19 39476 5862 826
k20 37178 5526 775
k21 40134 5964 841
k22 39340 5845 820
l1 26685 4023 543
l2 21732 3301 432
l3 18764 2855 368
l4 18237 2780 358
l5 15299 2323 299
l6 13272 2021 254
l7 11720 1793 223
l8 10427 1599 197
l9 10309 1565 199
l10 9750 1480 186
l11 9350 1425 177
l12 8756 1333 164
l13 38010 5616 814
l14 10849 1660 205
l15 8121 1236 151
l16 42601 6321 895
l17 10800 1656 204
l18 39299 5803 835
l19 41954 6222 881
l20 41686 6192 874
l21 39895 5928 834
l22 33371 4975 684
gs0 7893 1206 145
gs1 8418 1289 157
gs2 8881 1356 166
gs3 9396 1436 176
gs4 9942 1516 188
gs5 10651 1621 203
gs6 11299 1716 215
gs7 12049 1829 231
gs8 12959 1962 249
gs9 13899 2099 270
gs10 14905 2255 291
gs11 16236 2449 319
gs12 17577 2655 344
gs13 19424 2925 384
gs14 21758 3262 431
gs15 24458 3656 491
gs16 27705 4139 561
gs17 31276 4656 642
gs18 34361 5120 708
gs19 37250 5532 770
gs20 39180 5832 815
gs21 39824 5918 825
gs22 39921 5930 826
gs23 40411 6013 836
