patch,r,g,b,refR,refG,refB,refX,refY,refZ
a1,12514.0,16531.0,12258.0,0,0,0,3.6,3.01,2.05
a2,11183.0,18998.0,12521.0,0,0,0,4.42,2.97,1.76
a3,10336.0,21606.0,13303.0,0,0,0,5.12,3.01,1.46
a4,9955.0,21816.0,12992.0,0,0,0,5.65,3.26,1.6
a5,7723.0,9057.0,6227.0,0,0,0,12.71,10.97,7.93
a6,6524.0,10128.0,6569.0,0,0,0,15.07,11.1,6.97
a7,5652.0,11782.0,6979.0,0,0,0,17.42,11.1,6.06
a8,4994.0,14525.0,7385.0,0,0,0,20.36,11.07,5.12
a9,4843.0,3926.0,2839.0,0,0,0,40.62,39.94,31.49
a10,4572.0,4124.0,3034.0,0,0,0,42.88,40.04,30.47
a11,4378.0,4385.0,3230.0,0,0,0,45.09,40.03,29.12
a12,4196.0,4549.0,3341.0,0,0,0,46.77,39.85,28.06
a13,4082.0,2780.0,2082.0,0,0,0,71.78,75.46,63.09
a14,3991.0,2804.0,2066.0,0,0,0,71.91,73.14,62.17
a15,3965.0,2730.0,2060.0,0,0,0,74.11,76.98,63.06
a16,3957.0,2723.0,2017.0,0,0,0,72.73,75.12,62.6
a17,3923.0,2710.0,2038.0,0,0,0,74.05,76.81,62.33
a18,3919.0,2671.0,2003.0,0,0,0,74.16,77.19,62.97
a19,4074.0,2768.0,2000.0,0,0,0,69.16,71.7,62.05
a20,18984.0,26252.0,20884.0,0,0,0,1.37,1.12,0.78
a21,11131.0,23902.0,19066.0,0,0,0,5.17,3.27,0.85
a22,7922.0,22756.0,18215.0,0,0,0,10.35,5.9,0.91
b1,13110.0,17274.0,13966.0,0,0,0,3.35,2.93,1.63
b2,12152.0,20084.0,16445.0,0,0,0,3.98,2.94,1.07
b3,11347.0,22945.0,18562.0,0,0,0,4.71,3.09,0.74
b4,10983.0,23581.0,19066.0,0,0,0,5.08,3.21,0.69
b5,7597.0,9782.0,7893.0,0,0,0,12.86,11.1,5.86
b6,6672.0,11532.0,9970.0,0,0,0,14.66,11.01,3.94
b7,5927.0,14428.0,13075.0,0,0,0,16.97,10.94,2.28
b8,5476.0,18362.0,16151.0,0,0,0,19.7,11.01,1.2
b9,4832.0,3967.0,2990.0,0,0,0,40.39,40.01,29.68
b10,4558.0,4259.0,3398.0,0,0,0,42.59,40.11,26.44
b11,4353.0,4562.0,3794.0,0,0,0,44.29,39.94,23.52
b12,4201.0,4824.0,4165.0,0,0,0,45.98,39.89,21.17
b13,4426.0,2874.0,2129.0,0,0,0,65.55,71.21,61.79
b14,4049.0,2970.0,2122.0,0,0,0,68.8,67.99,60.07
b15,4002.0,2870.0,2325.0,0,0,0,71.26,74.48,51.88
b16,4414.0,3105.0,2303.0,0,0,0,57.82,60.0,49.14
b17,3987.0,3069.0,2338.0,0,0,0,65.61,64.93,49.68
b18,4362.0,2912.0,2310.0,0,0,0,62.84,68.83,51.29
b19,4388.0,2948.0,2014.0,0,0,0,60.77,62.73,59.44
b20,14648.0,25537.0,20850.0,0,0,0,2.87,2.06,0.8
b21,8787.0,23942.0,18985.0,0,0,0,8.37,4.88,0.88
b22,4963.0,6297.0,5225.0,0,0,0,29.02,24.67,11.91
c1,11940.0,14226.0,12285.0,0,0,0,4.49,4.31,2.29
c2,11700.0,16296.0,15911.0,0,0,0,4.9,4.37,1.42
c3,11634.0,18451.0,20195.0,0,0,0,5.13,4.3,0.82
c4,11208.0,18087.0,20515.0,0,0,0,5.7,4.77,0.85
c5,5816.0,6242.0,5569.0,0,0,0,23.78,22.59,10.89
c6,5278.0,7681.0,9136.0,0,0,0,25.55,22.41,5.5
c7,5154.0,10204.0,16022.0,0,0,0,27.72,22.42,2.39
c8,5233.0,12068.0,21278.0,0,0,0,28.7,22.23,1.28
c9,4513.0,3639.0,2901.0,0,0,0,46.89,47.28,32.4
c10,4337.0,3967.0,3543.0,0,0,0,48.17,47.13,26.63
c11,4213.0,4268.0,4209.0,0,0,0,49.81,47.42,21.58
c12,4117.0,4550.0,4824.0,0,0,0,50.47,46.85,18.1
c13,4915.0,2986.0,2185.0,0,0,0,58.24,65.94,60.94
c14,4117.0,3183.0,2156.0,0,0,0,64.18,60.73,57.45
c15,4009.0,3010.0,2636.0,0,0,0,68.73,71.96,42.7
c16,4904.0,3544.0,2627.0,0,0,0,45.88,47.73,38.75
c17,4003.0,3393.0,2603.0,0,0,0,58.66,55.64,39.4
c18,4809.0,3121.0,2606.0,0,0,0,53.28,61.12,41.61
c19,4899.0,3228.0,2063.0,0,0,0,50.72,52.04,56.28
c20,18269.0,26355.0,22487.0,0,0,0,1.7,1.45,0.76
c21,5280.0,9617.0,9558.0,0,0,0,22.87,17.19,4.72
c22,4766.0,4985.0,4051.0,0,0,0,34.53,31.48,17.4
d1,12700.0,14104.0,12699.0,0,0,0,4.16,4.32,2.27
d2,13152.0,15600.0,16607.0,0,0,0,4.07,4.26,1.47
d3,13576.0,17198.0,21278.0,0,0,0,4.08,4.3,0.89
d4,12964.0,16778.0,21617.0,0,0,0,4.69,4.91,0.92
d5,5779.0,5144.0,4697.0,0,0,0,26.68,27.74,13.94
d6,5715.0,6118.0,7742.0,0,0,0,26.33,27.41,7.43
d7,6013.0,8073.0,14051.0,0,0,0,26.1,27.43,3.6
d8,6590.0,10959.0,23269.0,0,0,0,25.91,27.31,1.65
d9,4377.0,3311.0,2679.0,0,0,0,53.02,55.12,37.61
d10,4324.0,3541.0,3266.0,0,0,0,52.96,55.14,30.47
d11,4356.0,3813.0,3932.0,0,0,0,52.49,54.62,24.44
d12,4368.0,4860.0,7236.0,0,0,0,52.17,54.65,11.69
d13,5523.0,3088.0,2185.0,0,0,0,51.28,60.55,59.94
d14,4180.0,3488.0,2197.0,0,0,0,58.99,52.82,54.44
d15,3999.0,3186.0,3035.0,0,0,0,66.07,69.08,34.69
d16,5549.0,4143.0,3030.0,0,0,0,35.35,36.71,29.94
d17,4059.0,3907.0,3011.0,0,0,0,51.68,46.54,30.64
d18,5376.0,3387.0,2990.0,0,0,0,44.32,53.48,33.27
d19,5542.0,3577.0,2095.0,0,0,0,41.16,41.63,52.5
d20,7116.0,13183.0,13484.0,0,0,0,13.96,10.52,2.72
d21,6276.0,6324.0,5256.0,0,0,0,21.28,20.6,11.58
d22,4623.0,4392.0,3712.0,0,0,0,38.28,36.52,19.91
e1,13721.0,13942.0,12862.0,0,0,0,3.71,4.2,2.3
e2,15003.0,15290.0,17456.0,0,0,0,3.39,4.21,1.48
e3,16182.0,16651.0,22371.0,0,0,0,3.12,4.17,0.94
e4,16020.0,16521.0,23043.0,0,0,0,3.34,4.54,0.97
e5,8821.0,7816.0,7174.0,0,0,0,12.46,14.03,7.52
e6,9553.0,8917.0,11116.0,0,0,0,11.51,14.17,4.54
e7,10759.0,10736.0,17333.0,0,0,0,10.28,14.01,2.58
e8,12303.0,13064.0,25038.0,0,0,0,9.41,13.94,1.45
e9,5361.0,4031.0,3274.0,0,0,0,37.32,40.04,27.82
e10,5502.0,4208.0,3860.0,0,0,0,36.12,40.08,23.52
e11,5786.0,4530.0,4643.0,0,0,0,34.48,39.54,19.51
e12,6469.0,5289.0,7282.0,0,0,0,31.25,39.49,11.51
e13,6271.0,3204.0,2174.0,0,0,0,44.56,54.93,58.76
e14,4263.0,3876.0,2246.0,0,0,0,53.83,45.36,51.25
e15,3979.0,3396.0,3571.0,0,0,0,63.56,66.14,27.3
e16,6372.0,4990.0,3625.0,0,0,0,26.43,27.39,22.31
e17,4146.0,4636.0,3578.0,0,0,0,45.25,38.47,22.96
e18,6130.0,3733.0,3546.0,0,0,0,36.26,46.15,25.81
e19,6377.0,4068.0,2154.0,0,0,0,32.7,32.33,48.49
e20,5622.0,14786.0,21858.0,0,0,0,24.1,16.56,1.28
e21,6669.0,11673.0,14856.0,0,0,0,16.87,13.84,2.61
e22,4906.0,6793.0,7091.0,0,0,0,29.42,25.29,8.09
f1,19778.0,19234.0,16970.0,0,0,0,1.44,1.82,1.33
f2,22249.0,19502.0,19199.0,0,0,0,1.14,1.81,1.11
f3,24287.0,19763.0,21646.0,0,0,0,0.96,1.86,0.95
f4,24462.0,19240.0,21487.0,0,0,0,1.04,2.07,1.04
f5,12164.0,9910.0,8522.0,0,0,0,6.56,8.17,5.7
f6,14459.0,10129.0,10191.0,0,0,0,5.29,8.1,4.88
f7,17468.0,10668.0,12212.0,0,0,0,4.12,7.88,4.01
f8,20806.0,11487.0,15075.0,0,0,0,3.17,7.93,3.15
f9,5542.0,3923.0,3006.0,0,0,0,36.82,39.95,31.21
f10,5868.0,3958.0,3157.0,0,0,0,35.06,39.82,30.35
f11,6352.0,4071.0,3409.0,0,0,0,33.34,39.72,28.68
f12,7636.0,4175.0,3818.0,0,0,0,28.72,39.6,25.54
f13,7294.0,3397.0,2215.0,0,0,0,37.91,49.0,57.14
f14,4353.0,4403.0,2341.0,0,0,0,48.68,38.42,47.78
f15,3983.0,3678.0,4309.0,0,0,0,61.43,63.43,21.2
f16,7451.0,6095.0,4394.0,0,0,0,19.07,19.84,16.29
f17,4202.0,5589.0,4314.0,0,0,0,39.69,31.74,17.01
f18,7044.0,4145.0,4186.0,0,0,0,29.06,39.29,19.71
f19,7506.0,4685.0,2219.0,0,0,0,25.36,24.37,44.23
f20,5734.0,6144.0,5660.0,0,0,0,25.51,24.4,11.61
f21,4705.0,5765.0,6019.0,0,0,0,32.92,29.82,10.41
f22,4524.0,4773.0,4488.0,0,0,0,37.76,35.31,15.44
g1,17405.0,14998.0,11988.0,0,0,0,2.24,2.84,2.62
g2,20246.0,14477.0,11816.0,0,0,0,1.8,2.81,2.81
g3,22643.0,14019.0,11603.0,0,0,0,1.51,2.88,3.06
g4,22639.0,13584.0,11216.0,0,0,0,1.63,3.14,3.31
g5,10968.0,7986.0,5861.0,0,0,0,9.02,11.02,9.72
g6,13088.0,7799.0,5812.0,0,0,0,7.51,10.82,10.37
g7,15938.0,7664.0,5693.0,0,0,0,6.21,10.78,10.87
g8,19432.0,7641.0,5446.0,0,0,0,4.84,10.54,11.46
g9,5590.0,3856.0,2866.0,0,0,0,36.78,40.1,33.33
g10,6096.0,3837.0,2880.0,0,0,0,34.81,40.06,34.24
g11,6661.0,3879.0,2902.0,0,0,0,32.74,39.52,34.75
g12,8370.0,3867.0,2832.0,0,0,0,28.17,39.67,37.32
g13,8346.0,3573.0,2230.0,0,0,0,32.34,43.69,55.43
g14,4443.0,5089.0,2412.0,0,0,0,43.33,31.66,43.84
g15,3989.0,4059.0,5372.0,0,0,0,59.44,60.7,15.78
g16,8661.0,7577.0,5455.0,0,0,0,13.19,13.68,11.25
g17,4306.0,6864.0,5268.0,0,0,0,34.42,25.62,11.79
g18,8052.0,4723.0,5243.0,0,0,0,22.98,33.15,14.47
g19,8805.0,5561.0,2337.0,0,0,0,19.22,17.59,39.78
g20,4823.0,5015.0,5043.0,0,0,0,35.48,34.29,14.35
g21,4817.0,5771.0,7042.0,0,0,0,33.68,32.18,9.03
g22,4622.0,8902.0,18878.0,0,0,0,44.97,41.42,2.73
h1,16621.0,14483.0,10372.0,0,0,0,2.48,2.9,3.3
h2,19028.0,13566.0,8821.0,0,0,0,2.18,2.89,4.31
h3,21808.0,12812.0,7493.0,0,0,0,1.91,2.82,5.47
h4,22400.0,12073.0,6862.0,0,0,0,2.07,3.18,6.44
h5,10679.0,7803.0,5016.0,0,0,0,9.54,10.9,11.81
h6,12670.0,7365.0,4315.0,0,0,0,8.56,10.92,15.18
h7,15497.0,7057.0,3681.0,0,0,0,7.56,10.8,18.87
h8,19467.0,6987.0,3203.0,0,0,0,6.47,10.48,23.24
h9,5642.0,3842.0,2722.0,0,0,0,37.1,39.87,36.01
h10,5985.0,3751.0,2570.0,0,0,0,35.94,39.86,39.41
h11,6530.0,3747.0,2496.0,0,0,0,34.77,40.11,43.54
h12,8132.0,3690.0,2228.0,0,0,0,31.37,39.86,53.6
h13,9635.0,3835.0,2282.0,0,0,0,27.4,38.66,53.54
h14,4525.0,5962.0,2476.0,0,0,0,38.54,25.97,40.04
h15,3992.0,4550.0,6773.0,0,0,0,57.65,58.09,11.55
h16,10152.0,9539.0,6968.0,0,0,0,8.79,9.09,7.52
h17,4434.0,8619.0,6675.0,0,0,0,30.0,20.76,7.97
h18,9269.0,5530.0,6743.0,0,0,0,17.94,27.73,10.39
h19,10357.0,6584.0,2454.0,0,0,0,14.43,12.32,35.59
h20,4650.0,4536.0,4944.0,0,0,0,40.11,40.56,15.11
h21,5565.0,4569.0,3707.0,0,0,0,30.41,31.53,20.14
h22,5213.0,4942.0,6185.0,0,0,0,34.18,37.07,11.1
i1,13341.0,11910.0,7117.0,0,0,0,4.16,4.25,5.57
i2,14493.0,10993.0,5443.0,0,0,0,4.22,4.26,8.42
i3,16269.0,10313.0,4411.0,0,0,0,4.25,4.23,11.7
i4,21399.0,9424.0,3247.0,0,0,0,4.3,4.22,18.88
i5,8581.0,6811.0,4178.0,0,0,0,13.9,14.27,15.06
i6,9158.0,6689.0,3641.0,0,0,0,13.87,14.18,19.13
i7,9629.0,6509.0,3207.0,0,0,0,14.09,14.3,23.57
i8,11696.0,6011.0,2419.0,0,0,0,14.17,14.28,37.97
i9,5347.0,3874.0,2709.0,0,0,0,38.44,39.68,35.7
i10,5406.0,3783.0,2527.0,0,0,0,38.68,39.92,39.37
i11,5602.0,3869.0,2522.0,0,0,0,38.82,39.95,43.1
i12,5876.0,3739.0,2228.0,0,0,0,39.39,40.48,52.11
i13,10976.0,4094.0,2315.0,0,0,0,22.98,33.84,51.3
i14,4675.0,7130.0,2613.0,0,0,0,33.71,20.65,35.93
i15,4029.0,5204.0,8766.0,0,0,0,55.88,55.42,8.16
i16,12174.0,12291.0,9165.0,0,0,0,5.48,5.63,4.71
i17,4690.0,11075.0,8671.0,0,0,0,25.84,16.48,5.07
i18,10674.0,6618.0,9005.0,0,0,0,13.69,22.84,7.12
i19,12304.0,7805.0,2602.0,0,0,0,10.53,8.11,31.26
i20,4847.0,4227.0,4873.0,0,0,0,40.46,44.14,15.57
i21,10303.0,9660.0,14258.0,0,0,0,10.6,14.14,3.33
i22,6688.0,4287.0,4335.0,0,0,0,27.73,35.54,16.85
j1,16750.0,17696.0,10418.0,0,0,0,2.03,1.81,2.98
j2,16472.0,16489.0,7618.0,0,0,0,2.43,1.89,4.86
j3,17184.0,15066.0,5684.0,0,0,0,2.75,1.86,7.76
j4,22567.0,12055.0,3294.0,0,0,0,3.89,1.92,19.02
j5,9022.0,8060.0,4833.0,0,0,0,11.37,11.02,11.93
j6,9013.0,7972.0,4125.0,0,0,0,12.09,11.01,15.55
j7,9057.0,7771.0,3488.0,0,0,0,13.09,11.24,20.23
j8,9272.0,7373.0,2579.0,0,0,0,15.11,11.12,33.57
j9,5249.0,3869.0,2668.0,0,0,0,39.41,40.08,36.29
j10,5161.0,3825.0,2517.0,0,0,0,40.38,40.15,39.28
j11,5187.0,3872.0,2445.0,0,0,0,41.5,40.42,43.68
j12,5139.0,3810.0,2210.0,0,0,0,43.0,40.44,51.03
j13,12468.0,4366.0,2317.0,0,0,0,19.05,29.21,48.71
j14,4848.0,8500.0,2761.0,0,0,0,29.51,16.47,32.13
j15,4191.0,6446.0,12429.0,0,0,0,54.05,52.52,5.29
j16,15264.0,16487.0,12995.0,0,0,0,3.1,3.21,2.66
j17,5117.0,14996.0,12051.0,0,0,0,22.32,13.18,2.86
j18,12657.0,8302.0,12790.0,0,0,0,10.1,18.32,4.5
j19,15066.0,9184.0,2795.0,0,0,0,7.58,5.05,27.03
j20,6676.0,3965.0,3569.0,0,0,0,29.46,37.68,22.04
j21,17852.0,14252.0,24127.0,0,0,0,4.0,7.61,1.46
j22,22565.0,20415.0,23049.0,0,0,0,1.27,2.04,0.96
k1,11359.0,13205.0,7564.0,0,0,0,5.15,4.32,5.09
k2,10146.0,13761.0,5920.0,0,0,0,6.39,4.32,7.23
k3,9135.0,14361.0,4949.0,0,0,0,7.75,4.37,9.62
k4,8656.0,15012.0,4630.0,0,0,0,8.62,4.45,11.15
k5,7513.0,7143.0,4188.0,0,0,0,15.56,14.22,14.49
k6,6885.0,7483.0,3714.0,0,0,0,17.79,14.33,18.03
k7,6326.0,7754.0,3275.0,0,0,0,20.02,14.38,21.96
k8,5276.0,8366.0,2628.0,0,0,0,25.52,14.48,31.69
k9,5036.0,3879.0,2631.0,0,0,0,40.84,40.34,36.15
k10,4804.0,3908.0,2521.0,0,0,0,42.98,40.37,39.23
k11,4629.0,3965.0,2403.0,0,0,0,44.92,40.27,42.42
k12,4351.0,4096.0,2240.0,0,0,0,48.93,40.18,48.91
k13,14284.0,4733.0,2346.0,0,0,0,15.44,24.54,45.44
k14,5086.0,10402.0,3014.0,0,0,0,25.29,12.75,27.93
k15,4487.0,8312.0,17978.0,0,0,0,52.06,49.38,3.26
k16,20241.0,22961.0,18469.0,0,0,0,1.54,1.61,1.35
k17,5750.0,21014.0,16327.0,0,0,0,18.93,10.33,1.47
k18,15602.0,10836.0,18811.0,0,0,0,6.97,13.97,2.67
k19,19026.0,11022.0,3044.0,0,0,0,5.37,2.89,22.62
k20,18531.0,16842.0,16529.0,0,0,0,2.28,3.02,1.91
k21,22319.0,20099.0,17505.0,0,0,0,1.26,1.72,1.49
k22,20770.0,16659.0,11773.0,0,0,0,1.62,2.1,2.79
l1,13033.0,17391.0,11616.0,0,0,0,3.58,2.92,2.64
l2,11402.0,19036.0,10581.0,0,0,0,4.48,2.96,2.93
l3,10320.0,20667.0,10020.0,0,0,0,5.39,3.12,3.23
l4,9901.0,20442.0,9481.0,0,0,0,5.95,3.4,3.57
l5,7774.0,8804.0,5438.0,0,0,0,12.96,11.08,9.97
l6,6650.0,9869.0,5145.0,0,0,0,15.38,10.99,10.69
l7,5733.0,11373.0,4838.0,0,0,0,18.18,11.02,11.56
l8,5123.0,13674.0,4576.0,0,0,0,21.16,10.96,12.58
l9,4900.0,3908.0,2700.0,0,0,0,40.94,39.99,33.66
l10,4631.0,4002.0,2703.0,0,0,0,43.02,39.82,34.15
l11,4366.0,4070.0,2620.0,0,0,0,45.36,39.98,35.08
l12,4197.0,4245.0,2667.0,0,0,0,48.06,40.19,35.97
l13,16449.0,5247.0,2413.0,0,0,0,12.12,19.77,41.27
l14,5368.0,12645.0,3310.0,0,0,0,21.34,9.74,23.64
l15,4956.0,11059.0,26060.0,0,0,0,48.52,44.71,1.86
l16,26685.0,32531.0,26491.0,0,0,0,0.63,0.68,0.6
l17,6698.0,29687.0,21813.0,0,0,0,15.51,7.82,0.67
l18,19951.0,14650.0,27672.0,0,0,0,4.37,9.78,1.44
l19,23394.0,13270.0,3428.0,0,0,0,3.85,1.6,18.27
l20,25917.0,29133.0,22618.0,0,0,0,0.71,0.78,0.82
l21,22943.0,27317.0,19987.0,0,0,0,0.96,0.93,1.01
l22,17154.0,23832.0,16644.0,0,0,0,1.94,1.57,1.38
gs0,3630.0,2340.0,1565.0,0,0,0,74.72,77.75,63.04
gs1,3836.0,2538.0,1712.0,0,0,0,65.56,67.88,55.45
gs2,4091.0,2759.0,1901.0,0,0,0,58.77,60.99,49.71
gs3,4361.0,3028.0,2125.0,0,0,0,52.06,53.98,44.05
gs4,4669.0,3306.0,2340.0,0,0,0,45.81,47.44,38.7
gs5,5041.0,3646.0,2581.0,0,0,0,39.71,41.23,33.59
gs6,5440.0,3998.0,2852.0,0,0,0,34.84,36.16,29.36
gs7,5908.0,4478.0,3199.0,0,0,0,30.03,31.18,25.42
gs8,6434.0,4970.0,3508.0,0,0,0,25.6,26.6,21.81
gs9,6980.0,5602.0,3999.0,0,0,0,21.49,22.27,18.18
gs10,7592.0,6286.0,4537.0,0,0,0,18.22,18.88,15.51
gs11,8253.0,7204.0,5238.0,0,0,0,15.15,15.65,12.67
gs12,9004.0,8074.0,5917.0,0,0,0,12.54,12.98,10.68
gs13,9843.0,9185.0,6765.0,0,0,0,10.08,10.41,8.63
gs14,10745.0,10334.0,7620.0,0,0,0,8.0,8.24,6.87
gs15,11805.0,11706.0,8852.0,0,0,0,6.21,6.42,5.29
gs16,13124.0,13520.0,10312.0,0,0,0,4.68,4.81,4.05
gs17,14910.0,15851.0,12442.0,0,0,0,3.52,3.65,3.03
gs18,16919.0,18310.0,14435.0,0,0,0,2.57,2.68,2.23
gs19,19407.0,21518.0,17095.0,0,0,0,1.75,1.84,1.54
gs20,22078.0,25330.0,20161.0,0,0,0,1.17,1.22,1.07
gs21,23214.0,27037.0,21747.0,0,0,0,0.95,1.0,0.87
gs22,24347.0,28859.0,23236.0,0,0,0,0.75,0.8,0.7
gs23,26933.0,30894.0,24685.0,0,0,0,0.43,0.52,0.56
