patch r g b
a1 3158 5011 4018
a2 2814 5216 4141
a3 2560 5349 4264
a4 2484 5321 4246
a5 1928 3160 2492
a6 1675 3415 2623
a7 1554 3781 2785
a8 1463 4182 2960
a9 1224 1491 1149
a10 1164 1528 1163
a11 1113 1590 1199
a12 1080 1643 1230
a13 985 975 745
a14 966 1001 750
a15 954 965 745
a16 959 974 739
a17 940 951 731
a18 929 931 707
a19 948 938 681
a20 3774 5855 4775
a21 2496 5376 4521
a22 1810 4997 4361
b1 3259 5128 4262
b2 3006 5353 4529
b3 2742 5464 4640
b4 2661 5497 4724
b5 1878 3300 2905
b6 1709 3726 3480
b7 1601 4232 3988
b8 1537 4729 4330
b9 1220 1500 1204
b10 1162 1576 1301
b11 1117 1652 1399
b12 1089 1740 1517
b13 1056 994 748
b14 970 1042 752
b15 955 1004 833
b16 1064 1118 849
b17 963 1085 838
b18 1025 1004 815
b19 1015 1002 688
b20 3288 5700 4752
b21 1971 5169 4428
b22 1222 2173 1957
c1 3019 4626 3996
c2 2936 4894 4397
c3 2825 5084 4712
c4 2757 5056 4794
c5 1445 2232 2147
c6 1395 2705 3244
c7 1372 3153 4219
c8 1377 3365 4545
c9 1147 1376 1150
c10 1103 1445 1306
c11 1077 1553 1546
c12 1067 1657 1768
c13 1148 1016 754
c14 984 1112 751
c15 958 1057 948
c16 1165 1268 971
c17 984 1226 960
c18 1123 1081 942
c19 1117 1098 704
c20 3727 5871 4850
c21 1342 3100 3217
c22 1158 1774 1537
d1 3191 4614 4038
d2 3257 4836 4512
d3 3306 4979 4821
d4 3206 4872 4871
d5 1427 1909 1884
d6 1437 2251 2893
d7 1496 2627 4060
d8 1568 2871 4748
d9 1103 1236 1044
d10 1084 1289 1216
d11 1083 1367 1440
d12 1114 1716 2503
d13 1254 1035 755
d14 998 1216 766
d15 961 1115 1095
d16 1289 1468 1126
d17 1005 1404 1113
d18 1227 1163 1082
d19 1235 1216 722
d20 1672 3901 3891
d21 1439 2173 1951
d22 1114 1585 1414
e1 3371 4632 4093
e2 3548 4793 4584
e3 3684 4925 4904
e4 3669 4833 4987
e5 2167 2714 2698
e6 2377 2978 3621
e7 2681 3217 4464
e8 3020 3396 5006
e9 1300 1470 1267
e10 1326 1510 1435
e11 1363 1581 1663
e12 1508 1810 2500
e13 1394 1064 751
e14 1022 1349 786
e15 967 1198 1296
e16 1461 1743 1343
e17 1034 1645 1316
e18 1368 1275 1288
e19 1395 1362 741
e20 1361 3782 4388
e21 1564 3482 4041
e22 1225 2364 2572
f1 3888 5502 4586
f2 3990 5555 4737
f3 4047 5561 4890
f4 4075 5549 4927
f5 3095 3431 3106
f6 3483 3497 3486
f7 3744 3612 3916
f8 3898 3751 4461
f9 1330 1422 1151
f10 1393 1412 1177
f11 1460 1410 1229
f12 1735 1410 1360
f13 1609 1105 753
f14 1046 1506 801
f15 972 1296 1554
f16 1706 2099 1648
f17 1079 1965 1607
f18 1577 1429 1548
f19 1655 1572 776
f20 1343 2120 2066
f21 1170 2048 2224
f22 1109 1724 1701
g1 3717 4912 3939
g2 3858 4882 3934
g3 3936 4822 3920
g4 3959 4770 3934
g5 2804 2769 2236
g6 3252 2713 2208
g7 3580 2700 2229
g8 3727 2691 2249
g9 1340 1392 1089
g10 1430 1365 1077
g11 1524 1343 1065
g12 1923 1282 1008
g13 1868 1142 751
g14 1082 1716 831
g15 977 1424 1900
g16 2038 2569 2022
g17 1132 2369 1985
g18 1852 1629 1929
g19 2011 1845 816
g20 1165 1780 1850
g21 1178 2020 2502
g22 1105 2440 4277
h1 3682 4826 3636
h2 3812 4702 3328
h3 3881 4566 3018
h4 3897 4404 2848
h5 2723 2724 1957
h6 3195 2566 1668
h7 3529 2473 1487
h8 3702 2398 1345
h9 1345 1388 1035
h10 1405 1343 965
h11 1489 1295 904
h12 1841 1209 763
h13 2232 1206 755
h14 1126 1986 870
h15 994 1594 2363
h16 2489 3217 2537
h17 1194 2847 2446
h18 2212 1881 2425
h19 2470 2174 869
h20 1124 1618 1825
h21 1272 1592 1379
h22 1226 1757 2262
i1 3322 4174 2810
i2 3489 3965 2236
i3 3635 3761 1837
i4 3800 3441 1395
i5 2086 2385 1655
i6 2226 2299 1400
i7 2373 2261 1248
i8 2919 2052 916
i9 1278 1397 1023
i10 1293 1375 962
i11 1308 1351 894
i12 1339 1280 771
i13 2620 1277 771
i14 1180 2305 916
i15 1018 1813 2961
i16 3028 4122 3243
i17 1281 3462 3053
i18 2647 2200 3056
i19 2972 2605 941
i20 1144 1496 1783
i21 2404 2930 3982
i22 1470 1475 1609
j1 3717 5276 3708
j2 3712 5074 3030
j3 3757 4850 2387
j4 3888 4243 1409
j5 2234 2805 1923
j6 2217 2751 1629
j7 2209 2674 1370
j8 2245 2519 983
j9 1257 1397 1016
j10 1242 1389 956
j11 1231 1370 887
j12 1214 1332 774
j13 2996 1362 777
j14 1245 2674 979
j15 1051 2084 3686
j16 3570 5089 4066
j17 1385 4168 3726
j18 3101 2615 3848
j19 3412 3154 1030
j20 1463 1360 1310
j21 3614 3806 4823
j22 3895 5523 4849
k1 2906 4373 2931
k2 2587 4308 2375
k3 2293 4263 2002
k4 2172 4268 1854
k5 1821 2529 1704
k6 1667 2564 1477
k7 1551 2619 1294
k8 1366 2732 1020
k9 1212 1400 1000
k10 1171 1420 945
k11 1144 1443 900
k12 1074 1452 795
k13 3267 1471 800
k14 1329 3103 1066
k15 1087 2321 4273
k16 3927 5788 4671
k17 1500 4795 4225
k18 3490 3075 4566
k19 3690 3789 1157
k20 3735 5067 4370
k21 3872 5548 4527
k22 3806 5209 3925
l1 3212 5092 3854
l2 2838 5120 3681
l3 2495 5021 3454
l4 2445 5074 3484
l5 1894 3023 2158
l6 1662 3263 2053
l7 1515 3515 1927
l8 1418 3804 1812
l9 1193 1432 1051
l10 1146 1468 1038
l11 1106 1509 1012
l12 1056 1533 973
l13 3453 1633 852
l14 1421 3545 1176
l15 1130 2515 4596
l16 4095 6144 5018
l17 1613 5150 4507
l18 3748 3588 5011
l19 3814 4338 1342
l20 3964 5928 4766
l21 3891 5883 4713
l22 3631 5705 4513
gs0 909 894 666
gs1 970 983 739
gs2 1017 1047 785
gs3 1077 1135 861
gs4 1140 1230 943
gs5 1222 1351 1037
gs6 1308 1483 1146
gs7 1402 1630 1250
gs8 1502 1766 1368
gs9 1642 1985 1546
gs10 1781 2171 1705
gs11 1958 2442 1922
gs12 2157 2698 2126
gs13 2382 3031 2384
gs14 2628 3427 2699
gs15 2918 3873 3068
gs16 3220 4419 3460
gs17 3471 4888 3861
gs18 3672 5303 4239
gs19 3799 5594 4492
gs20 3870 5758 4675
gs21 3871 5832 4732
gs22 3898 5871 4809
gs23 3900 5900 4807
